fips,county,state,date,cases,year,population,delta_cases,delta_cases_per_100k
06085,Santa Clara,California,2020-03-10,43,2020,1931168,0.0,0.0
06085,Santa Clara,California,2020-03-17,119,2020,1931168,76.0,3.9354421779979787
06085,Santa Clara,California,2020-03-24,387,2020,1931168,268.0,13.877611890834975
06085,Santa Clara,California,2020-03-31,775,2020,1931168,388.0,20.0914679613581
06085,Santa Clara,California,2020-04-07,1194,2020,1931168,419.0,21.69671411290991
06085,Santa Clara,California,2020-04-14,1563,2020,1931168,369.0,19.107607416858606
06085,Santa Clara,California,2020-04-21,1945,2020,1931168,382.0,19.780775157831943
06085,Santa Clara,California,2020-04-28,2135,2020,1931168,190.0,9.838605444994947
06085,Santa Clara,California,2020-05-05,2254,2020,1931168,119.0,6.162073936602098
06085,Santa Clara,California,2020-05-12,2369,2020,1931168,115.0,5.954945400917993
06085,Santa Clara,California,2020-05-19,2488,2020,1931168,119.0,6.162073936602098
06085,Santa Clara,California,2020-05-26,2669,2020,1931168,181.0,9.372566239705712
06085,Santa Clara,California,2020-06-02,2830,2020,1931168,161.0,8.336923561285191
06085,Santa Clara,California,2020-06-09,3017,2020,1931168,187.0,9.683259043231867
06085,Santa Clara,California,2020-06-16,3240,2020,1931168,223.0,11.547415864388805
06085,Santa Clara,California,2020-06-23,3714,2020,1931168,474.0,24.54473147856634
06085,Santa Clara,California,2020-06-30,4360,2020,1931168,646.0,33.45125851298282
06085,Santa Clara,California,2020-07-07,5454,2020,1931168,1094.0,56.649654509602485
06085,Santa Clara,California,2020-07-14,6704,2020,1931168,1250.0,64.72766740128255
06085,Santa Clara,California,2020-07-21,8014,2020,1931168,1310.0,67.8345954365441
06085,Santa Clara,California,2020-07-28,9333,2020,1931168,1319.0,68.30063464183334
06085,Santa Clara,California,2020-08-04,11014,2020,1931168,1681.0,87.04576712124477
06085,Santa Clara,California,2020-08-11,12950,2020,1931168,1936.0,100.2502112711064
06085,Santa Clara,California,2020-08-18,14817,2020,1931168,1867.0,96.6772440305556
06085,Santa Clara,California,2020-08-25,16233,2020,1931168,1416.0,73.32350163217286
06085,Santa Clara,California,2020-09-01,17354,2020,1931168,1121.0,58.04777212547018
06085,Santa Clara,California,2020-09-08,18681,2020,1931168,1327.0,68.71489171320155
06085,Santa Clara,California,2020-09-15,19647,2020,1931168,966.0,50.02154136771115
06085,Santa Clara,California,2020-09-22,20552,2020,1931168,905.0,46.86283119852856
06085,Santa Clara,California,2020-09-29,21276,2020,1931168,724.0,37.49026495882285
06085,Santa Clara,California,2020-10-06,21959,2020,1931168,683.0,35.36719746806078
06085,Santa Clara,California,2020-10-13,22725,2020,1931168,766.0,39.66511458350594
06085,Santa Clara,California,2020-10-20,23453,2020,1931168,728.0,37.69739349450695
06085,Santa Clara,California,2020-10-27,24416,2020,1931168,963.0,49.86619496594807
06085,Santa Clara,California,2020-11-03,25434,2020,1931168,1018.0,52.71421233160449
06085,Santa Clara,California,2020-11-10,26968,2020,1931168,1534.0,79.43379343485392
06085,Santa Clara,California,2020-11-17,29073,2020,1931168,2105.0,109.0013919037598
06085,Santa Clara,California,2020-11-24,31643,2020,1931168,2570.0,133.0800841770369
06085,Santa Clara,California,2020-12-01,35504,2020,1931168,3861.0,199.9308190690815
06085,Santa Clara,California,2020-12-08,41453,2020,1931168,5949.0,308.05191469618387
06085,Santa Clara,California,2020-12-15,50523,2020,1931168,9070.0,469.6639546637061
06085,Santa Clara,California,2020-12-22,59447,2020,1931168,8924.0,462.10376311123633
06085,Santa Clara,California,2020-12-29,67879,2020,1931168,8432.0,436.62695322209146
06085,Santa Clara,California,2021-01-05,76689,2021,1885173,8810.0,467.3311149692893
06085,Santa Clara,California,2021-01-12,86464,2021,1885173,9775.0,518.5200509449265
06085,Santa Clara,California,2021-01-19,94909,2021,1885173,8445.0,447.96949669871145
06085,Santa Clara,California,2021-01-26,99666,2021,1885173,4757.0,252.33758387161282
06085,Santa Clara,California,2021-02-02,103346,2021,1885173,3680.0,195.20754859103118
06085,Santa Clara,California,2021-02-09,106271,2021,1885173,2925.0,155.1581738121647
06085,Santa Clara,California,2021-02-16,108286,2021,1885173,2015.0,106.88674195949125
06085,Santa Clara,California,2021-02-23,110013,2021,1885173,1727.0,91.60962946106272
06085,Santa Clara,California,2021-03-02,111411,2021,1885173,1398.0,74.15765025278847
06085,Santa Clara,California,2021-03-09,112556,2021,1885173,1145.0,60.73713128715508
06085,Santa Clara,California,2021-03-16,113455,2021,1885173,899.0,47.68793102808071
06085,Santa Clara,California,2021-03-23,114268,2021,1885173,813.0,43.12601549035553
06085,Santa Clara,California,2021-03-30,115056,2021,1885173,788.0,41.79987725264471
06085,Santa Clara,California,2021-04-06,115843,2021,1885173,787.0,41.74683172313629
06085,Santa Clara,California,2021-04-13,117034,2021,1885173,1191.0,63.177225644542965
06085,Santa Clara,California,2021-04-20,117921,2021,1885173,887.0,47.05138467397953
06085,Santa Clara,California,2021-04-27,118660,2021,1885173,739.0,39.20064630673153
06085,Santa Clara,California,2021-05-04,119159,2021,1885173,499.0,26.469719224707756
06085,Santa Clara,California,2021-05-11,119591,2021,1885173,432.0,22.91566874764279
06085,Santa Clara,California,2021-05-18,119909,2021,1885173,318.0,16.8684783836815
06085,Santa Clara,California,2021-05-25,120132,2021,1885173,223.0,11.829153080380422
06085,Santa Clara,California,2021-06-01,120274,2021,1885173,142.0,7.5324651901973985
06085,Santa Clara,California,2021-06-08,120521,2021,1885173,247.0,13.102245788582797
06085,Santa Clara,California,2021-06-15,120718,2021,1885173,197.0,10.449969313161178
06085,Santa Clara,California,2021-06-22,120954,2021,1885173,236.0,12.518744963990041
06085,Santa Clara,California,2021-06-29,119656,2021,1885173,-1298.0,-68.85309730194524
06085,Santa Clara,California,2021-07-06,119964,2021,1885173,308.0,16.338023088597176
06085,Santa Clara,California,2021-07-13,120509,2021,1885173,545.0,28.909813582095648
06085,Santa Clara,California,2021-07-20,121514,2021,1885173,1005.0,53.31075715597454
06085,Santa Clara,California,2021-07-27,122989,2021,1885173,1475.0,78.24215602493777
06085,Santa Clara,California,2021-08-03,124776,2021,1885173,1787.0,94.79236123156866
06085,Santa Clara,California,2021-08-10,126918,2021,1885173,2142.0,113.62352420706216
06085,Santa Clara,California,2021-08-17,129293,2021,1885173,2375.0,125.9831325825269
06085,Santa Clara,California,2021-08-24,131738,2021,1885173,2445.0,129.69631964811717
06085,Santa Clara,California,2021-08-31,135641,2021,1885173,3903.0,207.03670167141158
06085,Santa Clara,California,2021-09-07,137665,2021,1885173,2024.0,107.36415172506715
06085,Santa Clara,California,2021-09-14,139381,2021,1885173,1716.0,91.02612863646998
06085,Santa Clara,California,2021-09-21,140741,2021,1885173,1360.0,72.14192013146804
06085,Santa Clara,California,2021-09-28,142004,2021,1885173,1263.0,66.9965037691501
06085,Santa Clara,California,2021-10-05,143128,2021,1885173,1124.0,59.623175167477996
06085,Santa Clara,California,2021-10-12,144151,2021,1885173,1023.0,54.26557668712633
06085,Santa Clara,California,2021-10-19,145228,2021,1885173,1077.0,57.13003528058167
06085,Santa Clara,California,2021-10-26,146213,2021,1885173,985.0,52.24984656580589
06085,Santa Clara,California,2021-11-02,147446,2021,1885173,1233.0,65.40513788389713
06085,Santa Clara,California,2021-11-09,148653,2021,1885173,1207.0,64.02595411667788
06085,Santa Clara,California,2021-11-16,149866,2021,1885173,1213.0,64.34422729372848
06085,Santa Clara,California,2021-11-23,151175,2021,1885173,1309.0,69.43659812653799
06085,Santa Clara,California,2021-11-30,152327,2021,1885173,1152.0,61.10844999371411
06085,Santa Clara,California,2021-12-07,154108,2021,1885173,1781.0,94.47408805451808
06085,Santa Clara,California,2021-12-14,155538,2021,1885173,1430.0,75.8551071970583
06085,Santa Clara,California,2021-12-21,157636,2021,1885173,2098.0,111.28952090869114
06085,Santa Clara,California,2021-12-28,163181,2021,1885173,5545.0,294.1374611242576
06085,Santa Clara,California,2022-01-04,180784,2022,1878335,17603.0,937.159771819191
06085,Santa Clara,California,2022-01-11,214989,2022,1878335,34205.0,1821.0276654590368
06085,Santa Clara,California,2022-01-18,248818,2022,1878335,33829.0,1801.00993699207
06085,Santa Clara,California,2022-01-25,278352,2022,1878335,29534.0,1572.3499801686066
06085,Santa Clara,California,2022-02-01,297261,2022,1878335,18909.0,1006.6894350581765
06085,Santa Clara,California,2022-02-08,307355,2022,1878335,10094.0,537.3908275147937
06085,Santa Clara,California,2022-02-15,313751,2022,1878335,6396.0,340.51433849659406
06085,Santa Clara,California,2022-02-22,317062,2022,1878335,3311.0,176.273135516295
06085,Santa Clara,California,2022-03-01,319078,2022,1878335,2016.0,107.32909731224727
06085,Santa Clara,California,2022-03-08,320682,2022,1878335,1604.0,85.39477782184754
06085,Santa Clara,California,2022-03-15,321732,2022,1878335,1050.0,55.90057151679546
06085,Santa Clara,California,2022-03-22,323037,2022,1878335,1305.0,69.47642459944578
06085,Santa Clara,California,2022-03-29,324384,2022,1878335,1347.0,71.7124474601176
06085,Santa Clara,California,2022-04-05,325669,2022,1878335,1285.0,68.41165180864968
06085,Santa Clara,California,2022-04-12,327338,2022,1878335,1669.0,88.85528939193489
06085,Santa Clara,California,2022-04-19,328933,2022,1878335,1595.0,84.91563006598929
06085,Santa Clara,California,2022-04-26,331879,2022,1878335,2946.0,156.84103208426612
06085,Santa Clara,California,2022-05-03,335880,2022,1878335,4001.0,213.0077967987606
06085,Santa Clara,California,2022-05-10,340599,2022,1878335,4719.0,251.23313998834072
06085,Santa Clara,California,2022-05-17,347115,2022,1878335,6516.0,346.90297524137065
06085,Santa Clara,California,2022-05-24,355265,2022,1878335,8150.0,433.8949122494124
06085,Santa Clara,California,2022-05-31,363591,2022,1878335,8326.0,443.26491280841805
06085,Santa Clara,California,2022-06-07,371850,2022,1878335,8259.0,439.6979239592511
06085,Santa Clara,California,2022-06-14,379775,2022,1878335,7925.0,421.91621835295626
06085,Santa Clara,California,2022-06-21,386769,2022,1878335,6994.0,372.35104494139756
06085,Santa Clara,California,2022-06-28,394514,2022,1878335,7745.0,412.3332632357913
06085,Santa Clara,California,2022-07-05,402395,2022,1878335,7881.0,419.5737182132048
06085,Santa Clara,California,2022-07-12,409607,2022,1878335,7212.0,383.9570683610751
06085,Santa Clara,California,2022-07-19,416295,2022,1878335,6688.0,356.06002124221715
06085,Santa Clara,California,2022-07-26,422681,2022,1878335,6386.0,339.98195210119604
06085,Santa Clara,California,2022-08-02,428378,2022,1878335,5697.0,303.3005294582702
06085,Santa Clara,California,2022-08-09,432839,2022,1878335,4461.0,237.49757098707101
06085,Santa Clara,California,2022-08-16,436596,2022,1878335,3757.0,200.01756875104812
06085,Santa Clara,California,2022-08-23,440009,2022,1878335,3413.0,181.70347674935516
06085,Santa Clara,California,2022-08-30,442661,2022,1878335,2652.0,141.1888720595634
06085,Santa Clara,California,2022-09-06,444922,2022,1878335,2261.0,120.37256399949955
06085,Santa Clara,California,2022-09-13,446902,2022,1878335,1980.0,105.4125062888143
06085,Santa Clara,California,2022-09-20,448264,2022,1878335,1362.0,72.51102705321469
06085,Santa Clara,California,2022-09-27,449931,2022,1878335,1667.0,88.74881211285526
06085,Santa Clara,California,2022-10-04,451447,2022,1878335,1516.0,80.70977754234468
06085,Santa Clara,California,2022-10-11,452652,2022,1878335,1205.0,64.15256064546527
06085,Santa Clara,California,2022-10-18,453939,2022,1878335,1287.0,68.51812908772929
06085,Santa Clara,California,2022-10-25,455142,2022,1878335,1203.0,64.04608336638564
06085,Santa Clara,California,2022-11-01,456402,2022,1878335,1260.0,67.08068582015456
06085,Santa Clara,California,2022-11-08,457827,2022,1878335,1425.0,75.86506134422241
06085,Santa Clara,California,2022-11-15,459777,2022,1878335,1950.0,103.81534710262014
06085,Santa Clara,California,2022-11-22,461996,2022,1878335,2219.0,118.13654113882774
06085,Santa Clara,California,2022-11-29,464204,2022,1878335,2208.0,117.55091610388988
06085,Santa Clara,California,2022-12-06,469015,2022,1878335,4811.0,256.1310948260028
06085,Santa Clara,California,2022-12-13,476752,2022,1878335,7737.0,411.9073541194728
06085,Santa Clara,California,2022-12-20,479925,2022,1878335,3173.0,168.9262032598019
06085,Santa Clara,California,2022-12-27,482576,2022,1878335,2651.0,141.13563342002357
06085,Santa Clara,California,2023-01-03,485177,2023,1877592,2601.0,138.52849820408267
06085,Santa Clara,California,2023-01-10,487348,2023,1877592,2171.0,115.62682414496867
06085,Santa Clara,California,2023-01-17,488497,2023,1877592,1149.0,61.19540347423721
06085,Santa Clara,California,2023-01-24,489307,2023,1877592,810.0,43.1403627625171
06085,Santa Clara,California,2023-01-31,490878,2023,1877592,1571.0,83.67099987643749
06085,Santa Clara,California,2023-02-07,492193,2023,1877592,1315.0,70.03651485519751
06085,Santa Clara,California,2023-02-14,493741,2023,1877592,1548.0,82.44602661281046
06085,Santa Clara,California,2023-02-21,495075,2023,1877592,1334.0,71.04844929036766
06085,Santa Clara,California,2023-02-28,496335,2023,1877592,1260.0,67.10723096391548
