fips,county,state,date,cases,year,population,delta_cases,delta_cases_per_100k
53077,Yakima,Washington,2020-03-10,0,2020,256733,0.0,0.0
53077,Yakima,Washington,2020-03-17,5,2020,256733,5.0,1.947548620551312
53077,Yakima,Washington,2020-03-24,25,2020,256733,20.0,7.790194482205248
53077,Yakima,Washington,2020-03-31,161,2020,256733,136.0,52.973322478995684
53077,Yakima,Washington,2020-04-07,380,2020,256733,219.0,85.30262958014747
53077,Yakima,Washington,2020-04-14,614,2020,256733,234.0,91.1452754418014
53077,Yakima,Washington,2020-04-21,868,2020,256733,254.0,98.93546992400665
53077,Yakima,Washington,2020-04-28,1046,2020,256733,178.0,69.33273089162671
53077,Yakima,Washington,2020-05-05,1389,2020,256733,343.0,133.60183536982
53077,Yakima,Washington,2020-05-12,1916,2020,256733,527.0,205.2716246061083
53077,Yakima,Washington,2020-05-19,2444,2020,256733,528.0,205.66113433021854
53077,Yakima,Washington,2020-05-26,3008,2020,256733,564.0,219.683484398188
53077,Yakima,Washington,2020-06-02,3943,2020,256733,935.0,364.19159204309534
53077,Yakima,Washington,2020-06-09,4909,2020,256733,966.0,376.2663934905135
53077,Yakima,Washington,2020-06-16,5662,2020,256733,753.0,293.3008222550276
53077,Yakima,Washington,2020-06-23,6504,2020,256733,842.0,327.96718770084095
53077,Yakima,Washington,2020-06-30,7171,2020,256733,667.0,259.802985981545
53077,Yakima,Washington,2020-07-07,7777,2020,256733,606.0,236.042892810819
53077,Yakima,Washington,2020-07-14,8457,2020,256733,680.0,264.86661239497846
53077,Yakima,Washington,2020-07-21,9325,2020,256733,868.0,338.0944405277078
53077,Yakima,Washington,2020-07-28,9809,2020,256733,484.0,188.522706469367
53077,Yakima,Washington,2020-08-04,10174,2020,256733,365.0,142.17104930024578
53077,Yakima,Washington,2020-08-11,10484,2020,256733,310.0,120.74801447418135
53077,Yakima,Washington,2020-08-18,10756,2020,256733,272.0,105.94664495799137
53077,Yakima,Washington,2020-08-25,10957,2020,256733,201.0,78.29145454616275
53077,Yakima,Washington,2020-09-01,11123,2020,256733,166.0,64.65861420230355
53077,Yakima,Washington,2020-09-08,11268,2020,256733,145.0,56.478909995988055
53077,Yakima,Washington,2020-09-15,11394,2020,256733,126.0,49.078225237893065
53077,Yakima,Washington,2020-09-22,11542,2020,256733,148.0,57.64743916831884
53077,Yakima,Washington,2020-09-29,11682,2020,256733,140.0,54.53136137543674
53077,Yakima,Washington,2020-10-06,11793,2020,256733,111.0,43.23557937623912
53077,Yakima,Washington,2020-10-13,11931,2020,256733,138.0,53.752341927216214
53077,Yakima,Washington,2020-10-20,12064,2020,256733,133.0,51.8047933066649
53077,Yakima,Washington,2020-10-27,12221,2020,256733,157.0,61.1530266853112
53077,Yakima,Washington,2020-11-03,12425,2020,256733,204.0,79.45998371849353
53077,Yakima,Washington,2020-11-10,12697,2020,256733,272.0,105.94664495799137
53077,Yakima,Washington,2020-11-17,13111,2020,256733,414.0,161.25702578164865
53077,Yakima,Washington,2020-11-24,13885,2020,256733,774.0,301.4805264613431
53077,Yakima,Washington,2020-12-01,14639,2020,256733,754.0,293.69033197913785
53077,Yakima,Washington,2020-12-08,15700,2020,256733,1061.0,413.26981728098843
53077,Yakima,Washington,2020-12-15,16715,2020,256733,1015.0,395.35236997191635
53077,Yakima,Washington,2020-12-22,17981,2020,256733,1266.0,493.1193107235922
53077,Yakima,Washington,2020-12-29,19191,2020,256733,1210.0,471.3067661734175
53077,Yakima,Washington,2021-01-05,20712,2021,256719,1521.0,592.4765989272317
53077,Yakima,Washington,2021-01-12,22148,2021,256719,1436.0,559.3664668372812
53077,Yakima,Washington,2021-01-19,23145,2021,256719,997.0,388.3623728668311
53077,Yakima,Washington,2021-01-26,23893,2021,256719,748.0,291.3691623915643
53077,Yakima,Washington,2021-02-02,24656,2021,256719,763.0,297.2121268780262
53077,Yakima,Washington,2021-02-09,25643,2021,256719,987.0,384.4670632091898
53077,Yakima,Washington,2021-02-16,25983,2021,256719,340.0,132.44052835980196
53077,Yakima,Washington,2021-02-23,26292,2021,256719,309.0,120.36506842111415
53077,Yakima,Washington,2021-03-02,26664,2021,256719,372.0,144.9055192642539
53077,Yakima,Washington,2021-03-09,27099,2021,256719,435.0,169.4459701073937
53077,Yakima,Washington,2021-03-16,27411,2021,256719,312.0,121.5336613184065
53077,Yakima,Washington,2021-03-23,27636,2021,256719,225.0,87.64446729692777
53077,Yakima,Washington,2021-03-30,27954,2021,256719,318.0,123.87084711299124
53077,Yakima,Washington,2021-04-06,28334,2021,256719,380.0,148.0217669903669
53077,Yakima,Washington,2021-04-13,28635,2021,256719,301.0,117.24882069500116
53077,Yakima,Washington,2021-04-20,29008,2021,256719,373.0,145.29505023001803
53077,Yakima,Washington,2021-04-27,29329,2021,256719,321.0,125.03944001028363
53077,Yakima,Washington,2021-05-04,29571,2021,256719,242.0,94.26649371491786
53077,Yakima,Washington,2021-05-11,29728,2021,256719,157.0,61.156361624967374
53077,Yakima,Washington,2021-05-18,29849,2021,256719,121.0,47.13324685745893
53077,Yakima,Washington,2021-05-25,29973,2021,256719,124.0,48.3018397547513
53077,Yakima,Washington,2021-06-01,30159,2021,256719,186.0,72.45275963212696
53077,Yakima,Washington,2021-06-08,30313,2021,256719,154.0,59.987768727675004
53077,Yakima,Washington,2021-06-15,30466,2021,256719,153.0,59.59823776191088
53077,Yakima,Washington,2021-06-22,30590,2021,256719,124.0,48.3018397547513
53077,Yakima,Washington,2021-06-29,30701,2021,256719,111.0,43.2379371998177
53077,Yakima,Washington,2021-07-06,30812,2021,256719,111.0,43.2379371998177
53077,Yakima,Washington,2021-07-13,31007,2021,256719,195.0,75.95853832400407
53077,Yakima,Washington,2021-07-20,31259,2021,256719,252.0,98.16180337255909
53077,Yakima,Washington,2021-07-27,31546,2021,256719,287.0,111.79538717430341
53077,Yakima,Washington,2021-08-03,31987,2021,256719,441.0,171.78315590197843
53077,Yakima,Washington,2021-08-10,32450,2021,256719,463.0,180.35283714878915
53077,Yakima,Washington,2021-08-17,33178,2021,256719,728.0,283.57854307628185
53077,Yakima,Washington,2021-08-24,34308,2021,256719,1130.0,440.16999131345943
53077,Yakima,Washington,2021-08-31,35610,2021,256719,1302.0,507.1693174248887
53077,Yakima,Washington,2021-09-07,37006,2021,256719,1396.0,543.7852282067163
53077,Yakima,Washington,2021-09-14,38211,2021,256719,1205.0,469.3848137457687
53077,Yakima,Washington,2021-09-21,39450,2021,256719,1239.0,482.6288665817489
53077,Yakima,Washington,2021-09-28,40382,2021,256719,932.0,363.04286009216304
53077,Yakima,Washington,2021-10-05,41188,2021,256719,806.0,313.9619584058835
53077,Yakima,Washington,2021-10-12,41838,2021,256719,650.0,253.19512774668024
53077,Yakima,Washington,2021-10-19,42555,2021,256719,717.0,279.2937024528765
53077,Yakima,Washington,2021-10-26,43192,2021,256719,637.0,248.13122519174664
53077,Yakima,Washington,2021-11-02,43737,2021,256719,545.0,212.29437634144728
53077,Yakima,Washington,2021-11-09,44207,2021,256719,470.0,183.079553909138
53077,Yakima,Washington,2021-11-16,44601,2021,256719,394.0,153.47520051106463
53077,Yakima,Washington,2021-11-23,44973,2021,256719,372.0,144.9055192642539
53077,Yakima,Washington,2021-11-30,45240,2021,256719,267.0,104.00476785902096
53077,Yakima,Washington,2021-12-07,45617,2021,256719,377.0,146.85317409307453
53077,Yakima,Washington,2021-12-14,45878,2021,256719,261.0,101.66758206443622
53077,Yakima,Washington,2021-12-21,46077,2021,256719,199.0,77.51666218706056
53077,Yakima,Washington,2021-12-28,46388,2021,256719,311.0,121.14413035264238
53077,Yakima,Washington,2022-01-04,47559,2022,257019,1171.0,455.60834023943755
53077,Yakima,Washington,2022-01-11,49960,2022,257019,2401.0,934.1721818231338
53077,Yakima,Washington,2022-01-18,54213,2022,257019,4253.0,1654.7414782564715
53077,Yakima,Washington,2022-01-25,59560,2022,257019,5347.0,2080.390943860182
53077,Yakima,Washington,2022-02-01,67787,2022,257019,8227.0,3200.9306704951773
53077,Yakima,Washington,2022-02-08,69552,2022,257019,1765.0,686.7196588579054
53077,Yakima,Washington,2022-02-15,70384,2022,257019,832.0,323.71147658344324
53077,Yakima,Washington,2022-02-22,70218,2022,257019,-166.0,-64.58666479910045
53077,Yakima,Washington,2022-03-01,70365,2022,257019,147.0,57.194215213661245
53077,Yakima,Washington,2022-03-08,70683,2022,257019,318.0,123.72626148261412
53077,Yakima,Washington,2022-03-15,70968,2022,257019,285.0,110.88674378158814
53077,Yakima,Washington,2022-03-22,71277,2022,257019,309.0,120.22457483687977
53077,Yakima,Washington,2022-03-29,71386,2022,257019,109.0,42.409316042782834
53077,Yakima,Washington,2022-04-05,71433,2022,257019,47.0,18.28658581661278
53077,Yakima,Washington,2022-04-12,71460,2022,257019,27.0,10.505059937203086
53077,Yakima,Washington,2022-04-19,71519,2022,257019,59.0,22.955501344258597
53077,Yakima,Washington,2022-04-26,71800,2022,257019,281.0,109.3304386057062
53077,Yakima,Washington,2022-05-03,72170,2022,257019,370.0,143.95822876907934
53077,Yakima,Washington,2022-05-10,72284,2022,257019,114.0,44.35469751263525
53077,Yakima,Washington,2022-05-17,72440,2022,257019,156.0,60.69590185939561
53077,Yakima,Washington,2022-05-24,72685,2022,257019,245.0,95.32369202276874
53077,Yakima,Washington,2022-05-31,72854,2022,257019,169.0,65.75389368101192
53077,Yakima,Washington,2022-06-07,73212,2022,257019,358.0,139.28931324143352
53077,Yakima,Washington,2022-06-14,73543,2022,257019,331.0,128.78425330423042
53077,Yakima,Washington,2022-06-21,73757,2022,257019,214.0,83.26232690968372
53077,Yakima,Washington,2022-06-28,74349,2022,257019,592.0,230.33316603052694
53077,Yakima,Washington,2022-07-05,74685,2022,257019,336.0,130.72963477408285
53077,Yakima,Washington,2022-07-12,75485,2022,257019,800.0,311.26103517638774
53077,Yakima,Washington,2022-07-19,76163,2022,257019,678.0,263.7937273119886
53077,Yakima,Washington,2022-07-26,76930,2022,257019,767.0,298.4215174753617
53077,Yakima,Washington,2022-08-02,77721,2022,257019,791.0,307.75934853065337
53077,Yakima,Washington,2022-08-09,78086,2022,257019,365.0,142.0128472992269
53077,Yakima,Washington,2022-08-16,78844,2022,257019,758.0,294.9198308296274
53077,Yakima,Washington,2022-08-23,79242,2022,257019,398.0,154.8523650002529
53077,Yakima,Washington,2022-08-30,79575,2022,257019,333.0,129.5624058921714
53077,Yakima,Washington,2022-09-06,79792,2022,257019,217.0,84.42955579159518
53077,Yakima,Washington,2022-09-13,80148,2022,257019,356.0,138.51116065349254
53077,Yakima,Washington,2022-09-20,80382,2022,257019,234.0,91.04385278909342
53077,Yakima,Washington,2022-09-27,80580,2022,257019,198.0,77.03710620615597
53077,Yakima,Washington,2022-10-04,80747,2022,257019,167.0,64.97574109307094
53077,Yakima,Washington,2022-10-11,80862,2022,257019,115.0,44.74377380660574
53077,Yakima,Washington,2022-10-18,80963,2022,257019,101.0,39.29670569101896
53077,Yakima,Washington,2022-10-25,81034,2022,257019,71.0,27.624416871904415
53077,Yakima,Washington,2022-11-01,81087,2022,257019,53.0,20.621043580435686
53077,Yakima,Washington,2022-11-08,81096,2022,257019,9.0,3.5016866457343623
53077,Yakima,Washington,2022-11-15,81165,2022,257019,69.0,26.84626428396344
53077,Yakima,Washington,2022-11-22,81240,2022,257019,75.0,29.18072204778635
53077,Yakima,Washington,2022-11-29,81344,2022,257019,104.0,40.463934572930405
53077,Yakima,Washington,2022-12-06,81446,2022,257019,102.0,39.68578198498944
53077,Yakima,Washington,2022-12-13,81697,2022,257019,251.0,97.65814978659165
53077,Yakima,Washington,2022-12-20,81956,2022,257019,259.0,100.77076013835551
53077,Yakima,Washington,2022-12-27,82159,2022,257019,203.0,78.98248767600839
53077,Yakima,Washington,2023-01-03,82272,2023,256643,113.0,44.0300339381943
53077,Yakima,Washington,2023-01-10,82418,2023,256643,146.0,56.88836243341918
53077,Yakima,Washington,2023-01-17,82548,2023,256643,130.0,50.654021344825296
53077,Yakima,Washington,2023-01-24,82649,2023,256643,101.0,39.35427812174889
53077,Yakima,Washington,2023-01-31,82748,2023,256643,99.0,38.57498548567465
53077,Yakima,Washington,2023-02-07,82976,2023,256643,228.0,88.83936051246283
53077,Yakima,Washington,2023-02-14,83212,2023,256643,236.0,91.95653105675979
53077,Yakima,Washington,2023-02-21,83415,2023,256643,203.0,79.09820256153489
53077,Yakima,Washington,2023-02-28,83554,2023,256643,139.0,54.16083820715936
