fips,county,state,date,cases,year,population,delta_cases,delta_cases_per_100k
41027.0,Hood River,Oregon,2020-03-10,0,2020,23962,0.0,0.0
41027.0,Hood River,Oregon,2020-03-17,0,2020,23962,0.0,0.0
41027.0,Hood River,Oregon,2020-03-24,1,2020,23962,1.0,4.173274351055839
41027.0,Hood River,Oregon,2020-03-31,3,2020,23962,2.0,8.346548702111678
41027.0,Hood River,Oregon,2020-04-07,2,2020,23962,-1.0,-4.173274351055839
41027.0,Hood River,Oregon,2020-04-14,4,2020,23962,2.0,8.346548702111678
41027.0,Hood River,Oregon,2020-04-21,4,2020,23962,0.0,0.0
41027.0,Hood River,Oregon,2020-04-28,5,2020,23962,1.0,4.173274351055839
41027.0,Hood River,Oregon,2020-05-05,11,2020,23962,6.0,25.03964610633503
41027.0,Hood River,Oregon,2020-05-12,13,2020,23962,2.0,8.346548702111678
41027.0,Hood River,Oregon,2020-05-19,14,2020,23962,1.0,4.173274351055839
41027.0,Hood River,Oregon,2020-05-26,12,2020,23962,-2.0,-8.346548702111678
41027.0,Hood River,Oregon,2020-06-02,22,2020,23962,10.0,41.732743510558386
41027.0,Hood River,Oregon,2020-06-09,65,2020,23962,43.0,179.45079709540104
41027.0,Hood River,Oregon,2020-06-16,83,2020,23962,18.0,75.1189383190051
41027.0,Hood River,Oregon,2020-06-23,89,2020,23962,6.0,25.03964610633503
41027.0,Hood River,Oregon,2020-06-30,88,2020,23962,-1.0,-4.173274351055839
41027.0,Hood River,Oregon,2020-07-07,97,2020,23962,9.0,37.55946915950255
41027.0,Hood River,Oregon,2020-07-14,109,2020,23962,12.0,50.07929221267006
41027.0,Hood River,Oregon,2020-07-21,135,2020,23962,26.0,108.50513312745181
41027.0,Hood River,Oregon,2020-07-28,151,2020,23962,16.0,66.77238961689342
41027.0,Hood River,Oregon,2020-08-04,174,2020,23962,23.0,95.98531007428429
41027.0,Hood River,Oregon,2020-08-11,201,2020,23962,27.0,112.67840747850764
41027.0,Hood River,Oregon,2020-08-18,220,2020,23962,19.0,79.29221267006092
41027.0,Hood River,Oregon,2020-08-25,225,2020,23962,5.0,20.866371755279193
41027.0,Hood River,Oregon,2020-09-01,236,2020,23962,11.0,45.906017861614224
41027.0,Hood River,Oregon,2020-09-08,238,2020,23962,2.0,8.346548702111678
41027.0,Hood River,Oregon,2020-09-15,238,2020,23962,0.0,0.0
41027.0,Hood River,Oregon,2020-09-22,246,2020,23962,8.0,33.38619480844671
41027.0,Hood River,Oregon,2020-09-29,252,2020,23962,6.0,25.03964610633503
41027.0,Hood River,Oregon,2020-10-06,255,2020,23962,3.0,12.519823053167515
41027.0,Hood River,Oregon,2020-10-13,268,2020,23962,13.0,54.25256656372591
41027.0,Hood River,Oregon,2020-10-20,269,2020,23962,1.0,4.173274351055839
41027.0,Hood River,Oregon,2020-10-27,277,2020,23962,8.0,33.38619480844671
41027.0,Hood River,Oregon,2020-11-03,291,2020,23962,14.0,58.42584091478174
41027.0,Hood River,Oregon,2020-11-10,305,2020,23962,14.0,58.42584091478174
41027.0,Hood River,Oregon,2020-11-17,327,2020,23962,22.0,91.81203572322845
41027.0,Hood River,Oregon,2020-11-24,372,2020,23962,45.0,187.79734579751272
41027.0,Hood River,Oregon,2020-12-01,414,2020,23962,42.0,175.27752274434522
41027.0,Hood River,Oregon,2020-12-08,498,2020,23962,84.0,350.55504548869044
41027.0,Hood River,Oregon,2020-12-15,605,2020,23962,107.0,446.5403555629747
41027.0,Hood River,Oregon,2020-12-22,733,2020,23962,128.0,534.1791169351474
41027.0,Hood River,Oregon,2020-12-29,783,2020,23962,50.0,208.66371755279192
41027.0,Hood River,Oregon,2021-01-05,848,2021,24086,65.0,269.86631238063603
41027.0,Hood River,Oregon,2021-01-12,917,2021,24086,69.0,286.4734700655983
41027.0,Hood River,Oregon,2021-01-19,955,2021,24086,38.0,157.76799800714107
41027.0,Hood River,Oregon,2021-01-26,994,2021,24086,39.0,161.91978742838162
41027.0,Hood River,Oregon,2021-02-02,1023,2021,24086,29.0,120.40189321597609
41027.0,Hood River,Oregon,2021-02-09,1039,2021,24086,16.0,66.42863073984887
41027.0,Hood River,Oregon,2021-02-16,1047,2021,24086,8.0,33.214315369924435
41027.0,Hood River,Oregon,2021-02-23,1060,2021,24086,13.0,53.97326247612721
41027.0,Hood River,Oregon,2021-03-02,1069,2021,24086,9.0,37.36610479116499
41027.0,Hood River,Oregon,2021-03-09,1073,2021,24086,4.0,16.607157684962218
41027.0,Hood River,Oregon,2021-03-16,1074,2021,24086,1.0,4.151789421240554
41027.0,Hood River,Oregon,2021-03-23,1078,2021,24086,4.0,16.607157684962218
41027.0,Hood River,Oregon,2021-03-30,1084,2021,24086,6.0,24.91073652744333
41027.0,Hood River,Oregon,2021-04-06,1088,2021,24086,4.0,16.607157684962218
41027.0,Hood River,Oregon,2021-04-13,1107,2021,24086,19.0,78.88399900357054
41027.0,Hood River,Oregon,2021-04-20,1130,2021,24086,23.0,95.49115668853275
41027.0,Hood River,Oregon,2021-04-27,1150,2021,24086,20.0,83.03578842481109
41027.0,Hood River,Oregon,2021-05-04,1167,2021,24086,17.0,70.58042016108944
41027.0,Hood River,Oregon,2021-05-11,1184,2021,24086,17.0,70.58042016108944
41027.0,Hood River,Oregon,2021-05-18,1196,2021,24086,12.0,49.82147305488666
41027.0,Hood River,Oregon,2021-05-25,1199,2021,24086,3.0,12.455368263721665
41027.0,Hood River,Oregon,2021-06-01,1204,2021,24086,5.0,20.758947106202772
41027.0,Hood River,Oregon,2021-06-08,1210,2021,24086,6.0,24.91073652744333
41027.0,Hood River,Oregon,2021-06-15,1218,2021,24086,8.0,33.214315369924435
41027.0,Hood River,Oregon,2021-06-22,1217,2021,24086,-1.0,-4.151789421240554
41027.0,Hood River,Oregon,2021-06-29,1226,2021,24086,9.0,37.36610479116499
41027.0,Hood River,Oregon,2021-07-06,1233,2021,24086,7.0,29.062525948683884
41027.0,Hood River,Oregon,2021-07-13,1235,2021,24086,2.0,8.303578842481109
41027.0,Hood River,Oregon,2021-07-20,1241,2021,24086,6.0,24.91073652744333
41027.0,Hood River,Oregon,2021-07-27,1253,2021,24086,12.0,49.82147305488666
41027.0,Hood River,Oregon,2021-08-03,1286,2021,24086,33.0,137.00905090093832
41027.0,Hood River,Oregon,2021-08-10,1324,2021,24086,38.0,157.76799800714107
41027.0,Hood River,Oregon,2021-08-17,1379,2021,24086,55.0,228.34841816823052
41027.0,Hood River,Oregon,2021-08-24,1429,2021,24086,50.0,207.58947106202774
41027.0,Hood River,Oregon,2021-08-31,1480,2021,24086,51.0,211.7412604832683
41027.0,Hood River,Oregon,2021-09-07,1533,2021,24086,53.0,220.04483932574942
41027.0,Hood River,Oregon,2021-09-14,1577,2021,24086,44.0,182.6787345345844
41027.0,Hood River,Oregon,2021-09-21,1634,2021,24086,57.0,236.65199701071163
41027.0,Hood River,Oregon,2021-09-28,1689,2021,24086,55.0,228.34841816823052
41027.0,Hood River,Oregon,2021-10-05,1774,2021,24086,85.0,352.90210080544716
41027.0,Hood River,Oregon,2021-10-12,1860,2021,24086,86.0,357.0538902266877
41027.0,Hood River,Oregon,2021-10-19,1905,2021,24086,45.0,186.83052395582496
41027.0,Hood River,Oregon,2021-10-26,1958,2021,24086,53.0,220.04483932574942
41027.0,Hood River,Oregon,2021-11-02,1992,2021,24086,34.0,141.16084032217887
41027.0,Hood River,Oregon,2021-11-09,2035,2021,24086,43.0,178.52694511334386
41027.0,Hood River,Oregon,2021-11-16,2056,2021,24086,21.0,87.18757784605165
41027.0,Hood River,Oregon,2021-11-23,2105,2021,24086,49.0,203.4376816407872
41027.0,Hood River,Oregon,2021-11-30,2137,2021,24086,32.0,132.85726147969774
41027.0,Hood River,Oregon,2021-12-07,2186,2021,24086,49.0,203.4376816407872
41027.0,Hood River,Oregon,2021-12-14,2209,2021,24086,23.0,95.49115668853275
41027.0,Hood River,Oregon,2021-12-21,2234,2021,24086,25.0,103.79473553101387
41027.0,Hood River,Oregon,2021-12-28,2271,2021,24086,37.0,153.61620858590052
41027.0,Hood River,Oregon,2022-01-04,2311,2022,24035,40.0,166.42396505096733
41027.0,Hood River,Oregon,2022-01-11,2505,2022,24035,194.0,807.1562304971917
41027.0,Hood River,Oregon,2022-01-18,2663,2022,24035,158.0,657.374661951321
41027.0,Hood River,Oregon,2022-01-25,2983,2022,24035,320.0,1331.3917204077386
41027.0,Hood River,Oregon,2022-02-01,3203,2022,24035,220.0,915.3318077803203
41027.0,Hood River,Oregon,2022-02-08,3324,2022,24035,121.0,503.4324942791762
41027.0,Hood River,Oregon,2022-02-15,3398,2022,24035,74.0,307.8843353442896
41027.0,Hood River,Oregon,2022-02-22,3450,2022,24035,52.0,216.35115456625755
41027.0,Hood River,Oregon,2022-03-01,3470,2022,24035,20.0,83.21198252548366
41027.0,Hood River,Oregon,2022-03-08,3499,2022,24035,29.0,120.65737466195132
41027.0,Hood River,Oregon,2022-03-15,3512,2022,24035,13.0,54.08778864156439
41027.0,Hood River,Oregon,2022-03-22,3527,2022,24035,15.0,62.40898689411275
41027.0,Hood River,Oregon,2022-03-29,3535,2022,24035,8.0,33.28479301019347
41027.0,Hood River,Oregon,2022-04-05,3548,2022,24035,13.0,54.08778864156439
41027.0,Hood River,Oregon,2022-04-12,3565,2022,24035,17.0,70.73018514666113
41027.0,Hood River,Oregon,2022-04-19,3574,2022,24035,9.0,37.44539213646765
41027.0,Hood River,Oregon,2022-04-26,3604,2022,24035,30.0,124.8179737882255
41027.0,Hood River,Oregon,2022-05-03,3629,2022,24035,25.0,104.0149781568546
41027.0,Hood River,Oregon,2022-05-10,3667,2022,24035,38.0,158.10276679841897
41027.0,Hood River,Oregon,2022-05-17,3706,2022,24035,39.0,162.26336592469318
41027.0,Hood River,Oregon,2022-05-24,3761,2022,24035,55.0,228.83295194508008
41027.0,Hood River,Oregon,2022-05-31,3820,2022,24035,59.0,245.47534845017682
41027.0,Hood River,Oregon,2022-06-07,3898,2022,24035,78.0,324.52673184938635
41027.0,Hood River,Oregon,2022-06-14,3965,2022,24035,67.0,278.7601414603703
41027.0,Hood River,Oregon,2022-06-21,4009,2022,24035,44.0,183.0663615560641
41027.0,Hood River,Oregon,2022-06-28,4074,2022,24035,65.0,270.4389432078219
41027.0,Hood River,Oregon,2022-07-05,4106,2022,24035,32.0,133.13917204077387
41027.0,Hood River,Oregon,2022-07-12,4135,2022,24035,29.0,120.65737466195132
41027.0,Hood River,Oregon,2022-07-19,4170,2022,24035,35.0,145.6209694195964
41027.0,Hood River,Oregon,2022-07-26,4202,2022,24035,32.0,133.13917204077387
41027.0,Hood River,Oregon,2022-08-02,4243,2022,24035,41.0,170.58456417724153
41027.0,Hood River,Oregon,2022-08-09,4269,2022,24035,26.0,108.17557728312877
41027.0,Hood River,Oregon,2022-08-16,4299,2022,24035,30.0,124.8179737882255
41027.0,Hood River,Oregon,2022-08-23,4322,2022,24035,23.0,95.69377990430623
41027.0,Hood River,Oregon,2022-08-30,4341,2022,24035,19.0,79.05138339920948
41027.0,Hood River,Oregon,2022-09-06,4350,2022,24035,9.0,37.44539213646765
41027.0,Hood River,Oregon,2022-09-13,4370,2022,24035,20.0,83.21198252548366
41027.0,Hood River,Oregon,2022-09-20,4371,2022,24035,1.0,4.1605991262741835
41027.0,Hood River,Oregon,2022-09-27,4382,2022,24035,11.0,45.766590389016024
41027.0,Hood River,Oregon,2022-10-04,4390,2022,24035,8.0,33.28479301019347
41027.0,Hood River,Oregon,2022-10-11,4400,2022,24035,10.0,41.60599126274183
41027.0,Hood River,Oregon,2022-10-18,4403,2022,24035,3.0,12.48179737882255
41027.0,Hood River,Oregon,2022-10-25,4416,2022,24035,13.0,54.08778864156439
41027.0,Hood River,Oregon,2022-11-01,4418,2022,24035,2.0,8.321198252548367
41027.0,Hood River,Oregon,2022-11-08,4425,2022,24035,7.0,29.124193883919283
41027.0,Hood River,Oregon,2022-11-15,4435,2022,24035,10.0,41.60599126274183
41027.0,Hood River,Oregon,2022-11-22,4448,2022,24035,13.0,54.08778864156439
41027.0,Hood River,Oregon,2022-11-29,4479,2022,24035,31.0,128.9785729144997
41027.0,Hood River,Oregon,2022-12-06,4496,2022,24035,17.0,70.73018514666113
41027.0,Hood River,Oregon,2022-12-13,4512,2022,24035,16.0,66.56958602038694
41027.0,Hood River,Oregon,2022-12-20,4534,2022,24035,22.0,91.53318077803205
41027.0,Hood River,Oregon,2022-12-27,4544,2022,24035,10.0,41.60599126274183
41027.0,Hood River,Oregon,2023-01-03,4554,2023,23745,10.0,42.11412929037692
41027.0,Hood River,Oregon,2023-01-10,4564,2023,23745,10.0,42.11412929037692
41027.0,Hood River,Oregon,2023-01-17,4580,2023,23745,16.0,67.38260686460308
41027.0,Hood River,Oregon,2023-01-24,4586,2023,23745,6.0,25.268477574226154
41027.0,Hood River,Oregon,2023-01-31,4595,2023,23745,9.0,37.90271636133923
41027.0,Hood River,Oregon,2023-02-07,4605,2023,23745,10.0,42.11412929037692
41027.0,Hood River,Oregon,2023-02-14,4609,2023,23745,4.0,16.84565171615077
41027.0,Hood River,Oregon,2023-02-21,4612,2023,23745,3.0,12.634238787113077
41027.0,Hood River,Oregon,2023-02-28,4618,2023,23745,6.0,25.268477574226154
