fips,county,state,date,cases,year,population,delta_cases,delta_cases_per_100k
6075.0,San Francisco,California,2020-03-10,16,2020,870518,0.0,0.0
6075.0,San Francisco,California,2020-03-17,46,2020,870518,30.0,3.4462239723934487
6075.0,San Francisco,California,2020-03-24,181,2020,870518,135.0,15.508007875770518
6075.0,San Francisco,California,2020-03-31,404,2020,870518,223.0,25.616931528124635
6075.0,San Francisco,California,2020-04-07,636,2020,870518,232.0,26.650798719842665
6075.0,San Francisco,California,2020-04-14,968,2020,870518,332.0,38.13821196115416
6075.0,San Francisco,California,2020-04-21,1232,2020,870518,264.0,30.326770957062347
6075.0,San Francisco,California,2020-04-28,1471,2020,870518,239.0,27.454917646734472
6075.0,San Francisco,California,2020-05-05,1779,2020,870518,308.0,35.381232783239405
6075.0,San Francisco,California,2020-05-12,1981,2020,870518,202.0,23.204574747449218
6075.0,San Francisco,California,2020-05-19,2186,2020,870518,205.0,23.549197144688566
6075.0,San Francisco,California,2020-05-26,2363,2020,870518,177.0,20.332721437121346
6075.0,San Francisco,California,2020-06-02,2554,2020,870518,191.0,21.940959290904956
6075.0,San Francisco,California,2020-06-09,2750,2020,870518,196.0,22.515329952970532
6075.0,San Francisco,California,2020-06-16,2894,2020,870518,144.0,16.541875067488554
6075.0,San Francisco,California,2020-06-23,3178,2020,870518,284.0,32.62425360532465
6075.0,San Francisco,California,2020-06-30,3556,2020,870518,378.0,43.42242205215745
6075.0,San Francisco,California,2020-07-07,4046,2020,870518,490.0,56.28832488242633
6075.0,San Francisco,California,2020-07-14,4663,2020,870518,617.0,70.87733969889193
6075.0,San Francisco,California,2020-07-21,5382,2020,870518,719.0,82.59450120502964
6075.0,San Francisco,California,2020-07-28,5894,2020,870518,512.0,58.81555579551486
6075.0,San Francisco,California,2020-08-04,6574,2020,870518,680.0,78.11441004091816
6075.0,San Francisco,California,2020-08-11,6996,2020,870518,422.0,48.47688387833451
6075.0,San Francisco,California,2020-08-18,8024,2020,870518,1028.0,118.09060812068216
6075.0,San Francisco,California,2020-08-25,8857,2020,870518,833.0,95.69015230012475
6075.0,San Francisco,California,2020-09-01,9508,2020,870518,651.0,74.78306020093784
6075.0,San Francisco,California,2020-09-08,9842,2020,870518,334.0,38.36796022598039
6075.0,San Francisco,California,2020-09-15,10439,2020,870518,597.0,68.57985705062963
6075.0,San Francisco,California,2020-09-22,10919,2020,870518,480.0,55.13958355829518
6075.0,San Francisco,California,2020-09-29,11170,2020,870518,251.0,28.833407235691855
6075.0,San Francisco,California,2020-10-06,11549,2020,870518,379.0,43.537296184570565
6075.0,San Francisco,California,2020-10-13,11696,2020,870518,147.0,16.886497464727896
6075.0,San Francisco,California,2020-10-20,12056,2020,870518,360.0,41.35468766872138
6075.0,San Francisco,California,2020-10-27,12266,2020,870518,210.0,24.12356780675414
6075.0,San Francisco,California,2020-11-03,12642,2020,870518,376.0,43.19267378733122
6075.0,San Francisco,California,2020-11-10,13280,2020,870518,638.0,73.28969647956734
6075.0,San Francisco,California,2020-11-17,14030,2020,870518,750.0,86.1555993098362
6075.0,San Francisco,California,2020-11-24,14966,2020,870518,936.0,107.5221879386756
6075.0,San Francisco,California,2020-12-01,15917,2020,870518,951.0,109.24529992487231
6075.0,San Francisco,California,2020-12-08,17528,2020,870518,1611.0,185.06222731752817
6075.0,San Francisco,California,2020-12-15,19453,2020,870518,1925.0,221.13270489524626
6075.0,San Francisco,California,2020-12-22,21421,2020,870518,1968.0,226.0722925890102
6075.0,San Francisco,California,2020-12-29,23213,2020,870518,1792.0,205.854445284302
6075.0,San Francisco,California,2021-01-05,25269,2021,811935,2056.0,253.22224069660749
6075.0,San Francisco,California,2021-01-12,27962,2021,811935,2693.0,331.67679678792024
6075.0,San Francisco,California,2021-01-19,30144,2021,811935,2182.0,268.74072431906495
6075.0,San Francisco,California,2021-01-26,31693,2021,811935,1549.0,190.77881850148103
6075.0,San Francisco,California,2021-02-02,32683,2021,811935,990.0,121.93094274788007
6075.0,San Francisco,California,2021-02-09,33742,2021,811935,1059.0,130.429159969702
6075.0,San Francisco,California,2021-02-16,34501,2021,811935,759.0,93.48038944004139
6075.0,San Francisco,California,2021-02-23,35040,2021,811935,539.0,66.38462438495692
6075.0,San Francisco,California,2021-03-02,35459,2021,811935,419.0,51.605116173092675
6075.0,San Francisco,California,2021-03-09,35753,2021,811935,294.0,36.20979511906741
6075.0,San Francisco,California,2021-03-16,35969,2021,811935,216.0,26.60311478135565
6075.0,San Francisco,California,2021-03-23,36234,2021,811935,265.0,32.63808063453355
6075.0,San Francisco,California,2021-03-30,36507,2021,811935,273.0,33.62338118199117
6075.0,San Francisco,California,2021-04-06,36766,2021,811935,259.0,31.899105223940342
6075.0,San Francisco,California,2021-04-13,37080,2021,811935,314.0,38.67304648771146
6075.0,San Francisco,California,2021-04-20,37347,2021,811935,267.0,32.88440577139796
6075.0,San Francisco,California,2021-04-27,37600,2021,811935,253.0,31.160129813347126
6075.0,San Francisco,California,2021-05-04,37795,2021,811935,195.0,24.01670084427941
6075.0,San Francisco,California,2021-05-11,37956,2021,811935,161.0,19.829173517584536
6075.0,San Francisco,California,2021-05-18,38079,2021,811935,123.0,15.148995917160855
6075.0,San Francisco,California,2021-05-25,38207,2021,811935,128.0,15.764808759321868
6075.0,San Francisco,California,2021-06-01,38303,2021,811935,96.0,11.8236065694914
6075.0,San Francisco,California,2021-06-08,38410,2021,811935,107.0,13.178394822245624
6075.0,San Francisco,California,2021-06-15,38490,2021,811935,80.0,9.853005474576166
6075.0,San Francisco,California,2021-06-22,38572,2021,811935,82.0,10.099330611440571
6075.0,San Francisco,California,2021-06-29,38335,2021,811935,-237.0,-29.189528718431895
6075.0,San Francisco,California,2021-07-06,38571,2021,811935,236.0,29.06636614999969
6075.0,San Francisco,California,2021-07-13,39072,2021,811935,501.0,61.704446784533246
6075.0,San Francisco,California,2021-07-20,39934,2021,811935,862.0,106.16613398855819
6075.0,San Francisco,California,2021-07-27,41443,2021,811935,1509.0,185.85231576419295
6075.0,San Francisco,California,2021-08-03,43397,2021,811935,1954.0,240.65965871652287
6075.0,San Francisco,California,2021-08-10,45143,2021,811935,1746.0,215.04184448262487
6075.0,San Francisco,California,2021-08-17,46674,2021,811935,1531.0,188.5618922697014
6075.0,San Francisco,California,2021-08-24,47932,2021,811935,1258.0,154.93851108771022
6075.0,San Francisco,California,2021-08-31,49433,2021,811935,1501.0,184.86701521673533
6075.0,San Francisco,California,2021-09-07,50213,2021,811935,780.0,96.06680337711764
6075.0,San Francisco,California,2021-09-14,51078,2021,811935,865.0,106.53562169385481
6075.0,San Francisco,California,2021-09-21,51768,2021,811935,690.0,84.98217221821945
6075.0,San Francisco,California,2021-09-28,52380,2021,811935,612.0,75.37549188050768
6075.0,San Francisco,California,2021-10-05,52994,2021,811935,614.0,75.62181701737208
6075.0,San Francisco,California,2021-10-12,53497,2021,811935,503.0,61.95077192139765
6075.0,San Francisco,California,2021-10-19,53935,2021,811935,438.0,53.94520497330451
6075.0,San Francisco,California,2021-10-26,54318,2021,811935,383.0,47.1712637095334
6075.0,San Francisco,California,2021-11-02,54741,2021,811935,423.0,52.097766446821474
6075.0,San Francisco,California,2021-11-09,55318,2021,811935,577.0,71.0648019853806
6075.0,San Francisco,California,2021-11-16,55759,2021,811935,441.0,54.31469267860112
6075.0,San Francisco,California,2021-11-23,56201,2021,811935,442.0,54.437855247033326
6075.0,San Francisco,California,2021-11-30,56539,2021,811935,338.0,41.628948130084304
6075.0,San Francisco,California,2021-12-07,57156,2021,811935,617.0,75.99130472266869
6075.0,San Francisco,California,2021-12-14,57761,2021,811935,605.0,74.51335390148226
6075.0,San Francisco,California,2021-12-21,59657,2021,811935,1896.0,233.51622974745516
6075.0,San Francisco,California,2021-12-28,64735,2021,811935,5078.0,625.4195224987222
6075.0,San Francisco,California,2022-01-04,74614,2022,807774,9879.0,1222.9905889518602
6075.0,San Francisco,California,2022-01-11,89200,2022,807774,14586.0,1805.7030803170196
6075.0,San Francisco,California,2022-01-18,103130,2022,807774,13930.0,1724.4922465937254
6075.0,San Francisco,California,2022-01-25,113648,2022,807774,10518.0,1302.0968736304958
6075.0,San Francisco,California,2022-02-01,119297,2022,807774,5649.0,699.329267839767
6075.0,San Francisco,California,2022-02-08,125800,2022,807774,6503.0,805.0519080832015
6075.0,San Francisco,California,2022-02-15,128703,2022,807774,2903.0,359.3826986261009
6075.0,San Francisco,California,2022-02-22,129948,2022,807774,1245.0,154.12726827058063
6075.0,San Francisco,California,2022-03-01,131516,2022,807774,1568.0,194.11370011909273
6075.0,San Francisco,California,2022-03-08,131748,2022,807774,232.0,28.720904609457595
6075.0,San Francisco,California,2022-03-15,131637,2022,807774,-111.0,-13.741467291593937
6075.0,San Francisco,California,2022-03-22,132158,2022,807774,521.0,64.49823836865262
6075.0,San Francisco,California,2022-03-29,133008,2022,807774,850.0,105.22745223292652
6075.0,San Francisco,California,2022-04-05,133811,2022,807774,803.0,99.40899310945882
6075.0,San Francisco,California,2022-04-12,134952,2022,807774,1141.0,141.2523799973755
6075.0,San Francisco,California,2022-04-19,136038,2022,807774,1086.0,134.44354485289202
6075.0,San Francisco,California,2022-04-26,137890,2022,807774,1852.0,229.27204886515287
6075.0,San Francisco,California,2022-05-03,140391,2022,807774,2501.0,309.61630357005794
6075.0,San Francisco,California,2022-05-10,143003,2022,807774,2612.0,323.3577708616519
6075.0,San Francisco,California,2022-05-17,146517,2022,807774,3514.0,435.022667231181
6075.0,San Francisco,California,2022-05-24,150376,2022,807774,3859.0,477.73263313748646
6075.0,San Francisco,California,2022-05-31,154061,2022,807774,3685.0,456.1919546803933
6075.0,San Francisco,California,2022-06-07,157802,2022,807774,3741.0,463.1245868275037
6075.0,San Francisco,California,2022-06-14,161210,2022,807774,3408.0,421.90018495272193
6075.0,San Francisco,California,2022-06-21,164476,2022,807774,3266.0,404.32101057969186
6075.0,San Francisco,California,2022-06-28,167900,2022,807774,3424.0,423.8809369947535
6075.0,San Francisco,California,2022-07-05,171316,2022,807774,3416.0,422.89056097373765
6075.0,San Francisco,California,2022-07-12,174600,2022,807774,3284.0,406.5493566269773
6075.0,San Francisco,California,2022-07-19,177430,2022,807774,2830.0,350.3455174343319
6075.0,San Francisco,California,2022-07-26,179938,2022,807774,2508.0,310.4828825884468
6075.0,San Francisco,California,2022-08-02,182142,2022,807774,2204.0,272.84859378984714
6075.0,San Francisco,California,2022-08-09,183905,2022,807774,1763.0,218.25411563135233
6075.0,San Francisco,California,2022-08-16,185316,2022,807774,1411.0,174.67757070665806
6075.0,San Francisco,California,2022-08-23,186549,2022,807774,1233.0,152.64170423905696
6075.0,San Francisco,California,2022-08-30,187625,2022,807774,1076.0,133.2055748266223
6075.0,San Francisco,California,2022-09-06,188321,2022,807774,696.0,86.16271382837279
6075.0,San Francisco,California,2022-09-13,188721,2022,807774,400.0,49.51880105078896
6075.0,San Francisco,California,2022-09-20,188927,2022,807774,206.0,25.502182541156312
6075.0,San Francisco,California,2022-09-27,190566,2022,807774,1639.0,202.90328730560776
6075.0,San Francisco,California,2022-10-04,191065,2022,807774,499.0,61.77470431085923
6075.0,San Francisco,California,2022-10-11,191633,2022,807774,568.0,70.31669749212033
6075.0,San Francisco,California,2022-10-18,192141,2022,807774,508.0,62.88887733450197
6075.0,San Francisco,California,2022-10-25,192615,2022,807774,474.0,58.67977924518492
6075.0,San Francisco,California,2022-11-01,193241,2022,807774,626.0,77.49692364448472
6075.0,San Francisco,California,2022-11-08,194272,2022,807774,1031.0,127.63470970840855
6075.0,San Francisco,California,2022-11-15,195235,2022,807774,963.0,119.21651352977442
6075.0,San Francisco,California,2022-11-22,196150,2022,807774,915.0,113.27425740367974
6075.0,San Francisco,California,2022-11-29,197149,2022,807774,999.0,123.67320562434543
6075.0,San Francisco,California,2022-12-06,198934,2022,807774,1785.0,220.97764968914572
6075.0,San Francisco,California,2022-12-13,200491,2022,807774,1557.0,192.75193309019602
6075.0,San Francisco,California,2022-12-20,201852,2022,807774,1361.0,168.48772057530942
6075.0,San Francisco,California,2022-12-27,202989,2022,807774,1137.0,140.7571919868676
6075.0,San Francisco,California,2023-01-03,203979,2023,808988,990.0,122.37511557649805
6075.0,San Francisco,California,2023-01-10,204867,2023,808988,888.0,109.7667703352831
6075.0,San Francisco,California,2023-01-17,205416,2023,808988,549.0,67.86256409242165
6075.0,San Francisco,California,2023-01-24,205922,2023,808988,506.0,62.54728129465455
6075.0,San Francisco,California,2023-01-31,206595,2023,808988,673.0,83.19035634644766
6075.0,San Francisco,California,2023-02-07,207344,2023,808988,749.0,92.58480966343134
6075.0,San Francisco,California,2023-02-14,207943,2023,808988,599.0,74.04312548517407
6075.0,San Francisco,California,2023-02-21,208567,2023,808988,624.0,77.13340618155028
6075.0,San Francisco,California,2023-02-28,209253,2023,808988,686.0,84.79730230856329
