fips,county,state,date,cases,year,population,delta_cases,delta_cases_per_100k
41009,Columbia,Oregon,2020-03-10,0,2020,52724,0.0,0.0
41009,Columbia,Oregon,2020-03-17,0,2020,52724,0.0,0.0
41009,Columbia,Oregon,2020-03-24,0,2020,52724,0.0,0.0
41009,Columbia,Oregon,2020-03-31,1,2020,52724,1.0,1.8966694484485245
41009,Columbia,Oregon,2020-04-07,8,2020,52724,7.0,13.27668613913967
41009,Columbia,Oregon,2020-04-14,11,2020,52724,3.0,5.690008345345573
41009,Columbia,Oregon,2020-04-21,14,2020,52724,3.0,5.690008345345573
41009,Columbia,Oregon,2020-04-28,14,2020,52724,0.0,0.0
41009,Columbia,Oregon,2020-05-05,14,2020,52724,0.0,0.0
41009,Columbia,Oregon,2020-05-12,15,2020,52724,1.0,1.8966694484485245
41009,Columbia,Oregon,2020-05-19,16,2020,52724,1.0,1.8966694484485245
41009,Columbia,Oregon,2020-05-26,16,2020,52724,0.0,0.0
41009,Columbia,Oregon,2020-06-02,16,2020,52724,0.0,0.0
41009,Columbia,Oregon,2020-06-09,17,2020,52724,1.0,1.8966694484485245
41009,Columbia,Oregon,2020-06-16,22,2020,52724,5.0,9.48334724224262
41009,Columbia,Oregon,2020-06-23,26,2020,52724,4.0,7.586677793794098
41009,Columbia,Oregon,2020-06-30,29,2020,52724,3.0,5.690008345345573
41009,Columbia,Oregon,2020-07-07,44,2020,52724,15.0,28.450041726727864
41009,Columbia,Oregon,2020-07-14,57,2020,52724,13.0,24.65670282983082
41009,Columbia,Oregon,2020-07-21,63,2020,52724,6.0,11.380016690691146
41009,Columbia,Oregon,2020-07-28,70,2020,52724,7.0,13.27668613913967
41009,Columbia,Oregon,2020-08-04,84,2020,52724,14.0,26.55337227827934
41009,Columbia,Oregon,2020-08-11,101,2020,52724,17.0,32.243380623624915
41009,Columbia,Oregon,2020-08-18,115,2020,52724,14.0,26.55337227827934
41009,Columbia,Oregon,2020-08-25,126,2020,52724,11.0,20.86336393293377
41009,Columbia,Oregon,2020-09-01,130,2020,52724,4.0,7.586677793794098
41009,Columbia,Oregon,2020-09-08,136,2020,52724,6.0,11.380016690691146
41009,Columbia,Oregon,2020-09-15,145,2020,52724,9.0,17.07002503603672
41009,Columbia,Oregon,2020-09-22,154,2020,52724,9.0,17.07002503603672
41009,Columbia,Oregon,2020-09-29,182,2020,52724,28.0,53.10674455655868
41009,Columbia,Oregon,2020-10-06,210,2020,52724,28.0,53.10674455655868
41009,Columbia,Oregon,2020-10-13,232,2020,52724,22.0,41.72672786586754
41009,Columbia,Oregon,2020-10-20,247,2020,52724,15.0,28.450041726727864
41009,Columbia,Oregon,2020-10-27,269,2020,52724,22.0,41.72672786586754
41009,Columbia,Oregon,2020-11-03,285,2020,52724,16.0,30.34671117517639
41009,Columbia,Oregon,2020-11-10,318,2020,52724,33.0,62.5900917988013
41009,Columbia,Oregon,2020-11-17,365,2020,52724,47.0,89.14346407708065
41009,Columbia,Oregon,2020-11-24,445,2020,52724,80.0,151.73355587588193
41009,Columbia,Oregon,2020-12-01,526,2020,52724,81.0,153.6302253243305
41009,Columbia,Oregon,2020-12-08,607,2020,52724,81.0,153.6302253243305
41009,Columbia,Oregon,2020-12-15,689,2020,52724,82.0,155.526894772779
41009,Columbia,Oregon,2020-12-22,767,2020,52724,78.0,147.9402169789849
41009,Columbia,Oregon,2020-12-29,817,2020,52724,50.0,94.83347242242621
41009,Columbia,Oregon,2021-01-05,897,2021,53202,80.0,150.37028683132212
41009,Columbia,Oregon,2021-01-12,976,2021,53202,79.0,148.4906582459306
41009,Columbia,Oregon,2021-01-19,1054,2021,53202,78.0,146.61102966053906
41009,Columbia,Oregon,2021-01-26,1082,2021,53202,28.0,52.62960039096275
41009,Columbia,Oregon,2021-02-02,1119,2021,53202,37.0,69.54625765948649
41009,Columbia,Oregon,2021-02-09,1148,2021,53202,29.0,54.50922897635427
41009,Columbia,Oregon,2021-02-16,1178,2021,53202,30.0,56.3888575617458
41009,Columbia,Oregon,2021-02-23,1232,2021,53202,54.0,101.49994361114244
41009,Columbia,Oregon,2021-03-02,1271,2021,53202,39.0,73.30551483026953
41009,Columbia,Oregon,2021-03-09,1285,2021,53202,14.0,26.314800195481375
41009,Columbia,Oregon,2021-03-16,1299,2021,53202,14.0,26.314800195481375
41009,Columbia,Oregon,2021-03-23,1313,2021,53202,14.0,26.314800195481375
41009,Columbia,Oregon,2021-03-30,1364,2021,53202,51.0,95.86105785496785
41009,Columbia,Oregon,2021-04-06,1441,2021,53202,77.0,144.73140107514755
41009,Columbia,Oregon,2021-04-13,1505,2021,53202,64.0,120.2962294650577
41009,Columbia,Oregon,2021-04-20,1554,2021,53202,49.0,92.10180068418481
41009,Columbia,Oregon,2021-04-27,1617,2021,53202,63.0,118.41660087966618
41009,Columbia,Oregon,2021-05-04,1671,2021,53202,54.0,101.49994361114244
41009,Columbia,Oregon,2021-05-11,1728,2021,53202,57.0,107.13882936731702
41009,Columbia,Oregon,2021-05-18,1761,2021,53202,33.0,62.02774331792038
41009,Columbia,Oregon,2021-05-25,1800,2021,53202,39.0,73.30551483026953
41009,Columbia,Oregon,2021-06-01,1838,2021,53202,38.0,71.42588624487801
41009,Columbia,Oregon,2021-06-08,1869,2021,53202,31.0,58.26848614713733
41009,Columbia,Oregon,2021-06-15,1892,2021,53202,23.0,43.23145746400511
41009,Columbia,Oregon,2021-06-22,1923,2021,53202,31.0,58.26848614713733
41009,Columbia,Oregon,2021-06-29,1949,2021,53202,26.0,48.8703432201797
41009,Columbia,Oregon,2021-07-06,1960,2021,53202,11.0,20.675914439306794
41009,Columbia,Oregon,2021-07-13,1984,2021,53202,24.0,45.11108604939664
41009,Columbia,Oregon,2021-07-20,2021,2021,53202,37.0,69.54625765948649
41009,Columbia,Oregon,2021-07-27,2067,2021,53202,46.0,86.46291492801022
41009,Columbia,Oregon,2021-08-03,2124,2021,53202,57.0,107.13882936731702
41009,Columbia,Oregon,2021-08-10,2192,2021,53202,68.0,127.81474380662381
41009,Columbia,Oregon,2021-08-17,2445,2021,53202,253.0,475.5460321040563
41009,Columbia,Oregon,2021-08-24,2617,2021,53202,172.0,323.2961166873426
41009,Columbia,Oregon,2021-08-31,2788,2021,53202,171.0,321.4164881019511
41009,Columbia,Oregon,2021-09-07,2975,2021,53202,187.0,351.4905454682155
41009,Columbia,Oregon,2021-09-14,3129,2021,53202,154.0,289.4628021502951
41009,Columbia,Oregon,2021-09-21,3254,2021,53202,125.0,234.95357317394084
41009,Columbia,Oregon,2021-09-28,3405,2021,53202,151.0,283.8239163941205
41009,Columbia,Oregon,2021-10-05,3552,2021,53202,147.0,276.30540205255437
41009,Columbia,Oregon,2021-10-12,3681,2021,53202,129.0,242.47208751550696
41009,Columbia,Oregon,2021-10-19,3770,2021,53202,89.0,167.28694409984587
41009,Columbia,Oregon,2021-10-26,3881,2021,53202,111.0,208.63877297845946
41009,Columbia,Oregon,2021-11-02,3969,2021,53202,88.0,165.40731551445435
41009,Columbia,Oregon,2021-11-09,4068,2021,53202,99.0,186.08322995376113
41009,Columbia,Oregon,2021-11-16,4137,2021,53202,69.0,129.69437239201534
41009,Columbia,Oregon,2021-11-23,4224,2021,53202,87.0,163.5276869290628
41009,Columbia,Oregon,2021-11-30,4304,2021,53202,80.0,150.37028683132212
41009,Columbia,Oregon,2021-12-07,4421,2021,53202,117.0,219.9165444908086
41009,Columbia,Oregon,2021-12-14,4509,2021,53202,88.0,165.40731551445435
41009,Columbia,Oregon,2021-12-21,4662,2021,53202,153.0,287.5831735649036
41009,Columbia,Oregon,2021-12-28,4731,2021,53202,69.0,129.69437239201534
41009,Columbia,Oregon,2022-01-04,4841,2022,53607,110.0,205.1970824705729
41009,Columbia,Oregon,2022-01-11,5190,2022,53607,349.0,651.0343798384539
41009,Columbia,Oregon,2022-01-18,5585,2022,53607,395.0,736.8440688716025
41009,Columbia,Oregon,2022-01-25,6232,2022,53607,647.0,1206.9319305314605
41009,Columbia,Oregon,2022-02-01,6722,2022,53607,490.0,914.0597310052791
41009,Columbia,Oregon,2022-02-08,7055,2022,53607,333.0,621.1875314790979
41009,Columbia,Oregon,2022-02-15,7243,2022,53607,188.0,350.70046822243364
41009,Columbia,Oregon,2022-02-22,7342,2022,53607,99.0,184.67737422351559
41009,Columbia,Oregon,2022-03-01,7440,2022,53607,98.0,182.81194620105583
41009,Columbia,Oregon,2022-03-08,7482,2022,53607,42.0,78.34797694330965
41009,Columbia,Oregon,2022-03-15,7507,2022,53607,25.0,46.635700561493834
41009,Columbia,Oregon,2022-03-22,7534,2022,53607,27.0,50.36655660641334
41009,Columbia,Oregon,2022-03-29,7544,2022,53607,10.0,18.654280224597535
41009,Columbia,Oregon,2022-04-05,7554,2022,53607,10.0,18.654280224597535
41009,Columbia,Oregon,2022-04-12,7593,2022,53607,39.0,72.75169287593039
41009,Columbia,Oregon,2022-04-19,7626,2022,53607,33.0,61.55912474117186
41009,Columbia,Oregon,2022-04-26,7697,2022,53607,71.0,132.44538959464248
41009,Columbia,Oregon,2022-05-03,7804,2022,53607,107.0,199.6007984031936
41009,Columbia,Oregon,2022-05-10,7919,2022,53607,115.0,214.52422258287163
41009,Columbia,Oregon,2022-05-17,8017,2022,53607,98.0,182.81194620105583
41009,Columbia,Oregon,2022-05-24,8184,2022,53607,167.0,311.52647975077883
41009,Columbia,Oregon,2022-05-31,8294,2022,53607,110.0,205.1970824705729
41009,Columbia,Oregon,2022-06-07,8438,2022,53607,144.0,268.62163523420446
41009,Columbia,Oregon,2022-06-14,8548,2022,53607,110.0,205.1970824705729
41009,Columbia,Oregon,2022-06-21,8631,2022,53607,83.0,154.83052586415954
41009,Columbia,Oregon,2022-06-28,8739,2022,53607,108.0,201.46622642565336
41009,Columbia,Oregon,2022-07-05,8828,2022,53607,89.0,166.02309399891803
41009,Columbia,Oregon,2022-07-12,8933,2022,53607,105.0,195.86994235827407
41009,Columbia,Oregon,2022-07-19,9026,2022,53607,93.0,173.48480608875707
41009,Columbia,Oregon,2022-07-26,9094,2022,53607,68.0,126.84910552726322
41009,Columbia,Oregon,2022-08-02,9172,2022,53607,78.0,145.50338575186078
41009,Columbia,Oregon,2022-08-09,9255,2022,53607,83.0,154.83052586415954
41009,Columbia,Oregon,2022-08-16,9307,2022,53607,52.0,97.00225716790717
41009,Columbia,Oregon,2022-08-23,9360,2022,53607,53.0,98.86768519036693
41009,Columbia,Oregon,2022-08-30,9409,2022,53607,49.0,91.40597310052792
41009,Columbia,Oregon,2022-09-06,9465,2022,53607,56.0,104.4639692577462
41009,Columbia,Oregon,2022-09-13,9506,2022,53607,41.0,76.4825489208499
41009,Columbia,Oregon,2022-09-20,9510,2022,53607,4.0,7.461712089839013
41009,Columbia,Oregon,2022-09-27,9564,2022,53607,54.0,100.73311321282668
41009,Columbia,Oregon,2022-10-04,9590,2022,53607,26.0,48.50112858395359
41009,Columbia,Oregon,2022-10-11,9616,2022,53607,26.0,48.50112858395359
41009,Columbia,Oregon,2022-10-18,9640,2022,53607,24.0,44.77027253903408
41009,Columbia,Oregon,2022-10-25,9679,2022,53607,39.0,72.75169287593039
41009,Columbia,Oregon,2022-11-01,9697,2022,53607,18.0,33.57770440427556
41009,Columbia,Oregon,2022-11-08,9727,2022,53607,30.0,55.962840673792606
41009,Columbia,Oregon,2022-11-15,9752,2022,53607,25.0,46.635700561493834
41009,Columbia,Oregon,2022-11-22,9781,2022,53607,29.0,54.09741265133285
41009,Columbia,Oregon,2022-11-29,9814,2022,53607,33.0,61.55912474117186
41009,Columbia,Oregon,2022-12-06,9849,2022,53607,35.0,65.28998078609136
41009,Columbia,Oregon,2022-12-13,9903,2022,53607,54.0,100.73311321282668
41009,Columbia,Oregon,2022-12-20,9928,2022,53607,25.0,46.635700561493834
41009,Columbia,Oregon,2022-12-27,9958,2022,53607,30.0,55.962840673792606
41009,Columbia,Oregon,2023-01-03,9980,2023,53880,22.0,40.83147735708983
41009,Columbia,Oregon,2023-01-10,10009,2023,53880,29.0,53.82331106161841
41009,Columbia,Oregon,2023-01-17,10038,2023,53880,29.0,53.82331106161841
41009,Columbia,Oregon,2023-01-24,10047,2023,53880,9.0,16.703786191536746
41009,Columbia,Oregon,2023-01-31,10059,2023,53880,12.0,22.271714922049
41009,Columbia,Oregon,2023-02-07,10077,2023,53880,18.0,33.40757238307349
41009,Columbia,Oregon,2023-02-14,10094,2023,53880,17.0,31.551596139569412
41009,Columbia,Oregon,2023-02-21,10109,2023,53880,15.0,27.839643652561247
41009,Columbia,Oregon,2023-02-28,10132,2023,53880,23.0,42.68745360059391
