fips,county,state,date,cases,year,population,delta_cases,delta_cases_per_100k
53007,Chelan,Washington,2020-03-10,0,2020,79238,0.0,0.0
53007,Chelan,Washington,2020-03-17,2,2020,79238,2.0,2.524041495242182
53007,Chelan,Washington,2020-03-24,6,2020,79238,4.0,5.048082990484364
53007,Chelan,Washington,2020-03-31,16,2020,79238,10.0,12.620207476210908
53007,Chelan,Washington,2020-04-07,34,2020,79238,18.0,22.716373457179635
53007,Chelan,Washington,2020-04-14,61,2020,79238,27.0,34.07456018576946
53007,Chelan,Washington,2020-04-21,81,2020,79238,20.0,25.240414952421816
53007,Chelan,Washington,2020-04-28,96,2020,79238,15.0,18.930311214316365
53007,Chelan,Washington,2020-05-05,125,2020,79238,29.0,36.59860168101164
53007,Chelan,Washington,2020-05-12,150,2020,79238,25.0,31.550518690527273
53007,Chelan,Washington,2020-05-19,182,2020,79238,32.0,40.38466392387491
53007,Chelan,Washington,2020-05-26,233,2020,79238,51.0,64.36305812867563
53007,Chelan,Washington,2020-06-02,253,2020,79238,20.0,25.240414952421816
53007,Chelan,Washington,2020-06-09,265,2020,79238,12.0,15.14424897145309
53007,Chelan,Washington,2020-06-16,274,2020,79238,9.0,11.358186728589818
53007,Chelan,Washington,2020-06-23,293,2020,79238,19.0,23.978394204800725
53007,Chelan,Washington,2020-06-30,349,2020,79238,56.0,70.67316186678109
53007,Chelan,Washington,2020-07-07,477,2020,79238,128.0,161.53865569549964
53007,Chelan,Washington,2020-07-14,606,2020,79238,129.0,162.80067644312072
53007,Chelan,Washington,2020-07-21,808,2020,79238,202.0,254.92819101946037
53007,Chelan,Washington,2020-07-28,993,2020,79238,185.0,233.4738383099018
53007,Chelan,Washington,2020-08-04,1224,2020,79238,231.0,291.526792700472
53007,Chelan,Washington,2020-08-11,1406,2020,79238,182.0,229.68777606703853
53007,Chelan,Washington,2020-08-18,1579,2020,79238,173.0,218.3295893384487
53007,Chelan,Washington,2020-08-25,1701,2020,79238,122.0,153.96653120977308
53007,Chelan,Washington,2020-09-01,1799,2020,79238,98.0,123.67803326686692
53007,Chelan,Washington,2020-09-08,1866,2020,79238,67.0,84.55539009061309
53007,Chelan,Washington,2020-09-15,1982,2020,79238,116.0,146.39440672404655
53007,Chelan,Washington,2020-09-22,2023,2020,79238,41.0,51.74285065246473
53007,Chelan,Washington,2020-09-29,2072,2020,79238,49.0,61.83901663343346
53007,Chelan,Washington,2020-10-06,2137,2020,79238,65.0,82.0313485953709
53007,Chelan,Washington,2020-10-13,2204,2020,79238,67.0,84.55539009061309
53007,Chelan,Washington,2020-10-20,2281,2020,79238,77.0,97.17559756682401
53007,Chelan,Washington,2020-10-27,2354,2020,79238,73.0,92.12751457633964
53007,Chelan,Washington,2020-11-03,2465,2020,79238,111.0,140.0843029859411
53007,Chelan,Washington,2020-11-10,2636,2020,79238,171.0,215.80554784320654
53007,Chelan,Washington,2020-11-17,2952,2020,79238,316.0,398.79855624826473
53007,Chelan,Washington,2020-11-24,3288,2020,79238,336.0,424.03897120068655
53007,Chelan,Washington,2020-12-01,3605,2020,79238,317.0,400.0605769958858
53007,Chelan,Washington,2020-12-08,4096,2020,79238,491.0,619.6521870819556
53007,Chelan,Washington,2020-12-15,4340,2020,79238,244.0,307.93306241954616
53007,Chelan,Washington,2020-12-22,4495,2020,79238,155.0,195.6132158812691
53007,Chelan,Washington,2020-12-29,4726,2020,79238,231.0,291.526792700472
53007,Chelan,Washington,2021-01-05,5025,2021,79778,299.0,374.79004236757004
53007,Chelan,Washington,2021-01-12,5285,2021,79778,260.0,325.9043846674522
53007,Chelan,Washington,2021-01-19,5467,2021,79778,182.0,228.1330692672165
53007,Chelan,Washington,2021-01-26,5614,2021,79778,147.0,184.26132517736718
53007,Chelan,Washington,2021-02-02,5761,2021,79778,147.0,184.26132517736718
53007,Chelan,Washington,2021-02-09,5880,2021,79778,119.0,149.16392990548772
53007,Chelan,Washington,2021-02-16,5953,2021,79778,73.0,91.50392338740004
53007,Chelan,Washington,2021-02-23,6019,2021,79778,66.0,82.72957456943017
53007,Chelan,Washington,2021-03-02,6055,2021,79778,36.0,45.125222492416455
53007,Chelan,Washington,2021-03-09,6100,2021,79778,45.0,56.406528115520565
53007,Chelan,Washington,2021-03-16,6139,2021,79778,39.0,48.885657700117825
53007,Chelan,Washington,2021-03-23,6222,2021,79778,83.0,104.03870741307126
53007,Chelan,Washington,2021-03-30,6301,2021,79778,79.0,99.02479380280278
53007,Chelan,Washington,2021-04-06,6375,2021,79778,74.0,92.75740178996716
53007,Chelan,Washington,2021-04-13,6441,2021,79778,66.0,82.72957456943017
53007,Chelan,Washington,2021-04-20,6521,2021,79778,80.0,100.2782722053699
53007,Chelan,Washington,2021-04-27,6592,2021,79778,71.0,88.99696658226578
53007,Chelan,Washington,2021-05-04,6638,2021,79778,46.0,57.66000651808769
53007,Chelan,Washington,2021-05-11,6681,2021,79778,43.0,53.89957131038632
53007,Chelan,Washington,2021-05-18,6716,2021,79778,35.0,43.87174408984933
53007,Chelan,Washington,2021-05-25,6763,2021,79778,47.0,58.91348492065481
53007,Chelan,Washington,2021-06-01,6799,2021,79778,36.0,45.125222492416455
53007,Chelan,Washington,2021-06-08,6833,2021,79778,34.0,42.61826568728221
53007,Chelan,Washington,2021-06-15,6866,2021,79778,33.0,41.364787284715085
53007,Chelan,Washington,2021-06-22,6899,2021,79778,33.0,41.364787284715085
53007,Chelan,Washington,2021-06-29,6933,2021,79778,34.0,42.61826568728221
53007,Chelan,Washington,2021-07-06,6956,2021,79778,23.0,28.830003259043846
53007,Chelan,Washington,2021-07-13,7000,2021,79778,44.0,55.15304971295344
53007,Chelan,Washington,2021-07-20,7036,2021,79778,36.0,45.125222492416455
53007,Chelan,Washington,2021-07-27,7106,2021,79778,70.0,87.74348817969866
53007,Chelan,Washington,2021-08-03,7240,2021,79778,134.0,167.9661059439946
53007,Chelan,Washington,2021-08-10,7433,2021,79778,193.0,241.92133169545488
53007,Chelan,Washington,2021-08-17,7781,2021,79778,348.0,436.21048409335907
53007,Chelan,Washington,2021-08-24,8172,2021,79778,391.0,490.11005540374543
53007,Chelan,Washington,2021-08-31,8614,2021,79778,442.0,554.0374539346687
53007,Chelan,Washington,2021-09-07,8944,2021,79778,330.0,413.6478728471509
53007,Chelan,Washington,2021-09-14,9397,2021,79778,453.0,567.825716362907
53007,Chelan,Washington,2021-09-21,9731,2021,79778,334.0,418.66178645741934
53007,Chelan,Washington,2021-09-28,9997,2021,79778,266.0,333.4252550828549
53007,Chelan,Washington,2021-10-05,10272,2021,79778,275.0,344.7065607059591
53007,Chelan,Washington,2021-10-12,10588,2021,79778,316.0,396.0991752112111
53007,Chelan,Washington,2021-10-19,10852,2021,79778,264.0,330.9182982777207
53007,Chelan,Washington,2021-10-26,11088,2021,79778,236.0,295.8209030058412
53007,Chelan,Washington,2021-11-02,11270,2021,79778,182.0,228.1330692672165
53007,Chelan,Washington,2021-11-09,11516,2021,79778,246.0,308.35568703151245
53007,Chelan,Washington,2021-11-16,11836,2021,79778,320.0,401.1130888214796
53007,Chelan,Washington,2021-11-23,12047,2021,79778,211.0,264.4839429416631
53007,Chelan,Washington,2021-11-30,12150,2021,79778,103.0,129.10827546441377
53007,Chelan,Washington,2021-12-07,12302,2021,79778,152.0,190.5287171902028
53007,Chelan,Washington,2021-12-14,12402,2021,79778,100.0,125.34784025671236
53007,Chelan,Washington,2021-12-21,12498,2021,79778,96.0,120.33392664644387
53007,Chelan,Washington,2021-12-28,12616,2021,79778,118.0,147.9104515029206
53007,Chelan,Washington,2022-01-04,13024,2022,80038,408.0,509.75786501411835
53007,Chelan,Washington,2022-01-11,13782,2022,80038,758.0,947.0501511781904
53007,Chelan,Washington,2022-01-18,15286,2022,80038,1504.0,1879.1074239736124
53007,Chelan,Washington,2022-01-25,16560,2022,80038,1274.0,1591.7439216372225
53007,Chelan,Washington,2022-02-01,18450,2022,80038,1890.0,2361.3783452859893
53007,Chelan,Washington,2022-02-08,19110,2022,80038,660.0,824.6083110522502
53007,Chelan,Washington,2022-02-15,19570,2022,80038,460.0,574.7270046727805
53007,Chelan,Washington,2022-02-22,19524,2022,80038,-46.0,-57.472700467278045
53007,Chelan,Washington,2022-03-01,19743,2022,80038,219.0,273.6200304855194
53007,Chelan,Washington,2022-03-08,19885,2022,80038,142.0,177.41572752942352
53007,Chelan,Washington,2022-03-15,19946,2022,80038,61.0,76.21379844573828
53007,Chelan,Washington,2022-03-22,19999,2022,80038,53.0,66.21854619055948
53007,Chelan,Washington,2022-03-29,20035,2022,80038,36.0,44.978635148304555
53007,Chelan,Washington,2022-04-05,20064,2022,80038,29.0,36.232789425023114
53007,Chelan,Washington,2022-04-12,20090,2022,80038,26.0,32.48456982933107
53007,Chelan,Washington,2022-04-19,20145,2022,80038,55.0,68.71735925435418
53007,Chelan,Washington,2022-04-26,20193,2022,80038,48.0,59.97151353107274
53007,Chelan,Washington,2022-05-03,20274,2022,80038,81.0,101.20192908368524
53007,Chelan,Washington,2022-05-10,20366,2022,80038,92.0,114.94540093455609
53007,Chelan,Washington,2022-05-17,20507,2022,80038,141.0,176.16632099752616
53007,Chelan,Washington,2022-05-24,20654,2022,80038,147.0,183.66276018891028
53007,Chelan,Washington,2022-05-31,20754,2022,80038,100.0,124.94065318973489
53007,Chelan,Washington,2022-06-07,20949,2022,80038,195.0,243.634273719983
53007,Chelan,Washington,2022-06-14,21086,2022,80038,137.0,171.1686948699368
53007,Chelan,Washington,2022-06-21,21180,2022,80038,94.0,117.44421399835078
53007,Chelan,Washington,2022-06-28,21370,2022,80038,190.0,237.38724106049628
53007,Chelan,Washington,2022-07-05,21460,2022,80038,90.0,112.44658787076139
53007,Chelan,Washington,2022-07-12,21682,2022,80038,222.0,277.36825008121144
53007,Chelan,Washington,2022-07-19,21835,2022,80038,153.0,191.15919938029435
53007,Chelan,Washington,2022-07-26,22056,2022,80038,221.0,276.1188435493141
53007,Chelan,Washington,2022-08-02,22219,2022,80038,163.0,203.65326469926785
53007,Chelan,Washington,2022-08-09,22342,2022,80038,123.0,153.6770034233739
53007,Chelan,Washington,2022-08-16,22575,2022,80038,233.0,291.1117219320823
53007,Chelan,Washington,2022-08-23,22752,2022,80038,177.0,221.14495614583072
53007,Chelan,Washington,2022-08-30,22863,2022,80038,111.0,138.68412504060572
53007,Chelan,Washington,2022-09-06,22912,2022,80038,49.0,61.22092006297009
53007,Chelan,Washington,2022-09-13,23022,2022,80038,110.0,137.43471850870836
53007,Chelan,Washington,2022-09-20,23102,2022,80038,80.0,99.9525225517879
53007,Chelan,Washington,2022-09-27,23189,2022,80038,87.0,108.69836827506934
53007,Chelan,Washington,2022-10-04,23265,2022,80038,76.0,94.9548964241985
53007,Chelan,Washington,2022-10-11,23330,2022,80038,65.0,81.21142457332766
53007,Chelan,Washington,2022-10-18,23375,2022,80038,45.0,56.223293935380696
53007,Chelan,Washington,2022-10-25,23408,2022,80038,33.0,41.230415552612506
53007,Chelan,Washington,2022-11-01,23456,2022,80038,48.0,59.97151353107274
53007,Chelan,Washington,2022-11-08,23474,2022,80038,18.0,22.489317574152278
53007,Chelan,Washington,2022-11-15,23526,2022,80038,52.0,64.96913965866214
53007,Chelan,Washington,2022-11-22,23575,2022,80038,49.0,61.22092006297009
53007,Chelan,Washington,2022-11-29,23624,2022,80038,49.0,61.22092006297009
53007,Chelan,Washington,2022-12-06,23670,2022,80038,46.0,57.472700467278045
53007,Chelan,Washington,2022-12-13,23710,2022,80038,40.0,49.97626127589395
53007,Chelan,Washington,2022-12-20,23747,2022,80038,37.0,46.228041680201905
53007,Chelan,Washington,2022-12-27,23781,2022,80038,34.0,42.47982208450986
53007,Chelan,Washington,2023-01-03,23809,2023,79997,28.0,35.0013125492206
53007,Chelan,Washington,2023-01-10,23837,2023,79997,28.0,35.0013125492206
53007,Chelan,Washington,2023-01-17,23886,2023,79997,49.0,61.25229696113604
53007,Chelan,Washington,2023-01-24,23939,2023,79997,53.0,66.25248446816755
53007,Chelan,Washington,2023-01-31,23975,2023,79997,36.0,45.001687563283625
53007,Chelan,Washington,2023-02-07,24010,2023,79997,35.0,43.75164068652575
53007,Chelan,Washington,2023-02-14,24039,2023,79997,29.0,36.25135942597847
53007,Chelan,Washington,2023-02-21,24085,2023,79997,46.0,57.502156330862405
53007,Chelan,Washington,2023-02-28,24120,2023,79997,35.0,43.75164068652575
