fips,county,state,date,cases,year,population,delta_cases,delta_cases_per_100k
6001.0,Alameda,California,2020-03-10,4,2020,1680466,0.0,0.0
6001.0,Alameda,California,2020-03-17,19,2020,1680466,15.0,0.8926095499700679
6001.0,Alameda,California,2020-03-24,96,2020,1680466,77.0,4.582062356513014
6001.0,Alameda,California,2020-03-31,269,2020,1680466,173.0,10.29476347632145
6001.0,Alameda,California,2020-04-07,561,2020,1680466,292.0,17.376132572750656
6001.0,Alameda,California,2020-04-14,844,2020,1680466,283.0,16.840566842768613
6001.0,Alameda,California,2020-04-21,1236,2020,1680466,392.0,23.32686290588444
6001.0,Alameda,California,2020-04-28,1527,2020,1680466,291.0,17.316625269419315
6001.0,Alameda,California,2020-05-05,1822,2020,1680466,295.0,17.554654482744667
6001.0,Alameda,California,2020-05-12,2149,2020,1680466,327.0,19.45888818934748
6001.0,Alameda,California,2020-05-19,2496,2020,1680466,347.0,20.649034255974236
6001.0,Alameda,California,2020-05-26,2961,2020,1680466,465.0,27.670896049072105
6001.0,Alameda,California,2020-06-02,3522,2020,1680466,561.0,33.383597168880534
6001.0,Alameda,California,2020-06-09,3969,2020,1680466,447.0,26.599764589108023
6001.0,Alameda,California,2020-06-16,4435,2020,1680466,466.0,27.73040335240344
6001.0,Alameda,California,2020-06-23,5166,2020,1680466,731.0,43.49983873520797
6001.0,Alameda,California,2020-06-30,5967,2020,1680466,801.0,47.66534996840162
6001.0,Alameda,California,2020-07-07,7107,2020,1680466,1140.0,67.83832579772515
6001.0,Alameda,California,2020-07-14,8399,2020,1680466,1292.0,76.8834359040885
6001.0,Alameda,California,2020-07-21,9426,2020,1680466,1027.0,61.11400052128398
6001.0,Alameda,California,2020-07-28,10921,2020,1680466,1495.0,88.96341848035009
6001.0,Alameda,California,2020-08-04,12088,2020,1680466,1167.0,69.44502298767128
6001.0,Alameda,California,2020-08-11,14071,2020,1680466,1983.0,118.00298250604297
6001.0,Alameda,California,2020-08-18,15742,2020,1680466,1671.0,99.43670386666555
6001.0,Alameda,California,2020-08-25,17399,2020,1680466,1657.0,98.60360162002682
6001.0,Alameda,California,2020-09-01,18509,2020,1680466,1110.0,66.05310669778501
6001.0,Alameda,California,2020-09-08,19437,2020,1680466,928.0,55.22277749148154
6001.0,Alameda,California,2020-09-15,20081,2020,1680466,644.0,38.322703345381576
6001.0,Alameda,California,2020-09-22,20775,2020,1680466,694.0,41.29806851194847
6001.0,Alameda,California,2020-09-29,21421,2020,1680466,646.0,38.44171795204425
6001.0,Alameda,California,2020-10-06,21893,2020,1680466,472.0,28.087447172391467
6001.0,Alameda,California,2020-10-13,22389,2020,1680466,496.0,29.515622452343575
6001.0,Alameda,California,2020-10-20,22962,2020,1680466,573.0,34.09768480885659
6001.0,Alameda,California,2020-10-27,23589,2020,1680466,627.0,37.311079188748835
6001.0,Alameda,California,2020-11-03,24293,2020,1680466,704.0,41.89314154526185
6001.0,Alameda,California,2020-11-10,25258,2020,1680466,965.0,57.424547714741024
6001.0,Alameda,California,2020-11-17,26697,2020,1680466,1439.0,85.63100949379518
6001.0,Alameda,California,2020-11-24,28358,2020,1680466,1661.0,98.84163083335217
6001.0,Alameda,California,2020-12-01,30671,2020,1680466,2313.0,137.64039260538445
6001.0,Alameda,California,2020-12-08,34907,2020,1680466,4236.0,252.07293691154715
6001.0,Alameda,California,2020-12-15,40691,2020,1680466,5784.0,344.19024246845817
6001.0,Alameda,California,2020-12-22,46556,2020,1680466,5865.0,349.01033403829655
6001.0,Alameda,California,2020-12-29,51901,2020,1680466,5345.0,318.06653630600084
6001.0,Alameda,California,2021-01-05,57613,2021,1644047,5712.0,347.4353227127935
6001.0,Alameda,California,2021-01-12,63978,2021,1644047,6365.0,387.1543818394486
6001.0,Alameda,California,2021-01-19,69879,2021,1644047,5901.0,358.9313444202021
6001.0,Alameda,California,2021-01-26,73372,2021,1644047,3493.0,212.4635122961813
6001.0,Alameda,California,2021-02-02,76220,2021,1644047,2848.0,173.23105726296146
6001.0,Alameda,California,2021-02-09,78643,2021,1644047,2423.0,147.38021479921193
6001.0,Alameda,California,2021-02-16,80412,2021,1644047,1769.0,107.6003301608774
6001.0,Alameda,California,2021-02-23,81633,2021,1644047,1221.0,74.26794976056037
6001.0,Alameda,California,2021-03-02,82607,2021,1644047,974.0,59.24404837574595
6001.0,Alameda,California,2021-03-09,83329,2021,1644047,722.0,43.916019432534476
6001.0,Alameda,California,2021-03-16,83984,2021,1644047,655.0,39.84071015001396
6001.0,Alameda,California,2021-03-23,84545,2021,1644047,561.0,34.12311205214936
6001.0,Alameda,California,2021-03-30,85160,2021,1644047,615.0,37.407689682837535
6001.0,Alameda,California,2021-04-06,85882,2021,1644047,722.0,43.916019432534476
6001.0,Alameda,California,2021-04-13,86735,2021,1644047,853.0,51.884161462537264
6001.0,Alameda,California,2021-04-20,87488,2021,1644047,753.0,45.8016102945962
6001.0,Alameda,California,2021-04-27,88156,2021,1644047,668.0,40.63144180184629
6001.0,Alameda,California,2021-05-04,88773,2021,1644047,617.0,37.52934070619636
6001.0,Alameda,California,2021-05-11,89305,2021,1644047,532.0,32.35917221344645
6001.0,Alameda,California,2021-05-18,89721,2021,1644047,416.0,25.303412858634818
6001.0,Alameda,California,2021-05-25,90150,2021,1644047,429.0,26.09414451046716
6001.0,Alameda,California,2021-06-01,90395,2021,1644047,245.0,14.902250361455602
6001.0,Alameda,California,2021-06-08,90665,2021,1644047,270.0,16.42288815344087
6001.0,Alameda,California,2021-06-15,90945,2021,1644047,280.0,17.031143270234974
6001.0,Alameda,California,2021-06-22,91248,2021,1644047,303.0,18.43013003886142
6001.0,Alameda,California,2021-06-29,91474,2021,1644047,226.0,13.746565639546802
6001.0,Alameda,California,2021-07-06,91899,2021,1644047,425.0,25.850842463749515
6001.0,Alameda,California,2021-07-13,92900,2021,1644047,1001.0,60.886337191090036
6001.0,Alameda,California,2021-07-20,94736,2021,1644047,1836.0,111.67563944339791
6001.0,Alameda,California,2021-07-27,96832,2021,1644047,2096.0,127.49027248004467
6001.0,Alameda,California,2021-08-03,99465,2021,1644047,2633.0,160.1535722518882
6001.0,Alameda,California,2021-08-10,102003,2021,1644047,2538.0,154.37514864234416
6001.0,Alameda,California,2021-08-17,104671,2021,1644047,2668.0,162.28246516066756
6001.0,Alameda,California,2021-08-24,107723,2021,1644047,3052.0,185.63946164556123
6001.0,Alameda,California,2021-08-31,111302,2021,1644047,3579.0,217.69450630061064
6001.0,Alameda,California,2021-09-07,113049,2021,1644047,1747.0,106.26216890393036
6001.0,Alameda,California,2021-09-14,114852,2021,1644047,1803.0,109.66839755797736
6001.0,Alameda,California,2021-09-21,116313,2021,1644047,1461.0,88.86607256361893
6001.0,Alameda,California,2021-09-28,117450,2021,1644047,1137.0,69.15860677948989
6001.0,Alameda,California,2021-10-05,118586,2021,1644047,1136.0,69.09778126781046
6001.0,Alameda,California,2021-10-12,119454,2021,1644047,868.0,52.796544137728425
6001.0,Alameda,California,2021-10-19,120219,2021,1644047,765.0,46.53151643474913
6001.0,Alameda,California,2021-10-26,121063,2021,1644047,844.0,51.33673185742256
6001.0,Alameda,California,2021-11-02,121969,2021,1644047,906.0,55.10791358154602
6001.0,Alameda,California,2021-11-09,122812,2021,1644047,843.0,51.27590634574316
6001.0,Alameda,California,2021-11-16,123608,2021,1644047,796.0,48.41710729681086
6001.0,Alameda,California,2021-11-23,124443,2021,1644047,835.0,50.78930225230787
6001.0,Alameda,California,2021-11-30,125057,2021,1644047,614.0,37.346864171158124
6001.0,Alameda,California,2021-12-07,126234,2021,1644047,1177.0,71.5916272466663
6001.0,Alameda,California,2021-12-14,127243,2021,1644047,1009.0,61.372941284525325
6001.0,Alameda,California,2021-12-21,129171,2021,1644047,1928.0,117.27158651790369
6001.0,Alameda,California,2021-12-28,134050,2021,1644047,4879.0,296.7676714838444
6001.0,Alameda,California,2022-01-04,148708,2022,1628259,14658.0,900.2253327019841
6001.0,Alameda,California,2022-01-11,177218,2022,1628259,28510.0,1750.9499410106132
6001.0,Alameda,California,2022-01-18,205898,2022,1628259,28680.0,1761.3905404484174
6001.0,Alameda,California,2022-01-25,231432,2022,1628259,25534.0,1568.178035558225
6001.0,Alameda,California,2022-02-01,246229,2022,1628259,14797.0,908.7620581246596
6001.0,Alameda,California,2022-02-08,253471,2022,1628259,7242.0,444.7695360504687
6001.0,Alameda,California,2022-02-15,258413,2022,1628259,4942.0,303.5143671860558
6001.0,Alameda,California,2022-02-22,260696,2022,1628259,2283.0,140.21110892063243
6001.0,Alameda,California,2022-03-01,265162,2022,1628259,4466.0,274.2806887602034
6001.0,Alameda,California,2022-03-08,266150,2022,1628259,988.0,60.678307320886915
6001.0,Alameda,California,2022-03-15,267138,2022,1628259,988.0,60.678307320886915
6001.0,Alameda,California,2022-03-22,267953,2022,1628259,815.0,50.053462010650634
6001.0,Alameda,California,2022-03-29,269081,2022,1628259,1128.0,69.2764480343729
6001.0,Alameda,California,2022-04-05,270018,2022,1628259,937.0,57.546127489545576
6001.0,Alameda,California,2022-04-12,271378,2022,1628259,1360.0,83.52479550243542
6001.0,Alameda,California,2022-04-19,272774,2022,1628259,1396.0,85.73574597161753
6001.0,Alameda,California,2022-04-26,275121,2022,1628259,2347.0,144.14168753251172
6001.0,Alameda,California,2022-05-03,278229,2022,1628259,3108.0,190.8787238393892
6001.0,Alameda,California,2022-05-10,282753,2022,1628259,4524.0,277.842775627219
6001.0,Alameda,California,2022-05-17,287662,2022,1628259,4909.0,301.4876625893055
6001.0,Alameda,California,2022-05-24,293811,2022,1628259,6149.0,377.6426231944672
6001.0,Alameda,California,2022-05-31,300003,2022,1628259,6192.0,380.2834806993236
6001.0,Alameda,California,2022-06-07,305951,2022,1628259,5948.0,365.2981497415338
6001.0,Alameda,California,2022-06-14,311589,2022,1628259,5638.0,346.25940959024337
6001.0,Alameda,California,2022-06-21,316398,2022,1628259,4809.0,295.34613350824407
6001.0,Alameda,California,2022-06-28,322436,2022,1628259,6038.0,370.825525914489
6001.0,Alameda,California,2022-07-05,328005,2022,1628259,5569.0,342.02175452431095
6001.0,Alameda,California,2022-07-12,333836,2022,1628259,5831.0,358.11256071669186
6001.0,Alameda,California,2022-07-19,339446,2022,1628259,5610.0,344.53978144754615
6001.0,Alameda,California,2022-07-26,344034,2022,1628259,4588.0,281.7733542390983
6001.0,Alameda,California,2022-08-02,348782,2022,1628259,4748.0,291.5998007687966
6001.0,Alameda,California,2022-08-09,352432,2022,1628259,3650.0,224.16581145874213
6001.0,Alameda,California,2022-08-16,355224,2022,1628259,2792.0,171.47149194323507
6001.0,Alameda,California,2022-08-23,357810,2022,1628259,2586.0,158.81994203624853
6001.0,Alameda,California,2022-08-30,360157,2022,1628259,2347.0,144.14168753251172
6001.0,Alameda,California,2022-09-06,361927,2022,1628259,1770.0,108.70506473478729
6001.0,Alameda,California,2022-09-13,363579,2022,1628259,1652.0,101.4580604191348
6001.0,Alameda,California,2022-09-20,364969,2022,1628259,1390.0,85.36725422675384
6001.0,Alameda,California,2022-09-27,366064,2022,1628259,1095.0,67.24974343762264
6001.0,Alameda,California,2022-10-04,367268,2022,1628259,1204.0,73.9440101359796
6001.0,Alameda,California,2022-10-11,368338,2022,1628259,1070.0,65.71436116735728
6001.0,Alameda,California,2022-10-18,369275,2022,1628259,937.0,57.546127489545576
6001.0,Alameda,California,2022-10-25,370429,2022,1628259,1154.0,70.87324559544888
6001.0,Alameda,California,2022-11-01,371646,2022,1628259,1217.0,74.74240891651758
6001.0,Alameda,California,2022-11-08,372984,2022,1628259,1338.0,82.17365910460191
6001.0,Alameda,California,2022-11-15,374862,2022,1628259,1878.0,115.33791614233363
6001.0,Alameda,California,2022-11-22,376820,2022,1628259,1958.0,120.25113940718275
6001.0,Alameda,California,2022-11-29,378507,2022,1628259,1687.0,103.6075955975063
6001.0,Alameda,California,2022-12-06,382066,2022,1628259,3559.0,218.5770199949762
6001.0,Alameda,California,2022-12-13,385157,2022,1628259,3091.0,189.83466389560874
6001.0,Alameda,California,2022-12-20,387697,2022,1628259,2540.0,155.99483865896028
6001.0,Alameda,California,2022-12-27,389831,2022,1628259,2134.0,131.06023058985087
6001.0,Alameda,California,2023-01-03,391934,2023,1622188,2103.0,129.6397211667205
6001.0,Alameda,California,2023-01-10,393729,2023,1622188,1795.0,110.6530192554747
6001.0,Alameda,California,2023-01-17,394684,2023,1622188,955.0,58.871104952077076
6001.0,Alameda,California,2023-01-24,395498,2023,1622188,814.0,50.17914076543532
6001.0,Alameda,California,2023-01-31,396478,2023,1622188,980.0,60.412233353963906
6001.0,Alameda,California,2023-02-07,397620,2023,1622188,1142.0,70.39874539819058
6001.0,Alameda,California,2023-02-14,398884,2023,1622188,1264.0,77.91945199939833
6001.0,Alameda,California,2023-02-21,399949,2023,1622188,1065.0,65.65206992037913
6001.0,Alameda,California,2023-02-28,401161,2023,1622188,1212.0,74.71390492347372
