fips,county,state,date,cases,year,population,delta_cases,delta_cases_per_100k
53037,Kittitas,Washington,2020-03-10,1,2020,44599,0.0,0.0
53037,Kittitas,Washington,2020-03-17,3,2020,44599,2.0,4.484405479943497
53037,Kittitas,Washington,2020-03-24,5,2020,44599,2.0,4.484405479943497
53037,Kittitas,Washington,2020-03-31,9,2020,44599,4.0,8.968810959886994
53037,Kittitas,Washington,2020-04-07,13,2020,44599,4.0,8.968810959886994
53037,Kittitas,Washington,2020-04-14,14,2020,44599,1.0,2.2422027399717486
53037,Kittitas,Washington,2020-04-21,14,2020,44599,0.0,0.0
53037,Kittitas,Washington,2020-04-28,15,2020,44599,1.0,2.2422027399717486
53037,Kittitas,Washington,2020-05-05,14,2020,44599,-1.0,-2.2422027399717486
53037,Kittitas,Washington,2020-05-12,40,2020,44599,26.0,58.29727123926546
53037,Kittitas,Washington,2020-05-19,61,2020,44599,21.0,47.086257539406716
53037,Kittitas,Washington,2020-05-26,75,2020,44599,14.0,31.390838359604473
53037,Kittitas,Washington,2020-06-02,89,2020,44599,14.0,31.390838359604473
53037,Kittitas,Washington,2020-06-09,92,2020,44599,3.0,6.726608219915245
53037,Kittitas,Washington,2020-06-16,93,2020,44599,1.0,2.2422027399717486
53037,Kittitas,Washington,2020-06-23,109,2020,44599,16.0,35.87524383954798
53037,Kittitas,Washington,2020-06-30,130,2020,44599,21.0,47.086257539406716
53037,Kittitas,Washington,2020-07-07,165,2020,44599,35.0,78.47709589901119
53037,Kittitas,Washington,2020-07-14,204,2020,44599,39.0,87.44590685889818
53037,Kittitas,Washington,2020-07-21,307,2020,44599,103.0,230.94688221709006
53037,Kittitas,Washington,2020-07-28,329,2020,44599,22.0,49.32846027937846
53037,Kittitas,Washington,2020-08-04,356,2020,44599,27.0,60.5394739792372
53037,Kittitas,Washington,2020-08-11,417,2020,44599,61.0,136.77436713827666
53037,Kittitas,Washington,2020-08-18,452,2020,44599,35.0,78.47709589901119
53037,Kittitas,Washington,2020-08-25,454,2020,44599,2.0,4.484405479943497
53037,Kittitas,Washington,2020-09-01,456,2020,44599,2.0,4.484405479943497
53037,Kittitas,Washington,2020-09-08,460,2020,44599,4.0,8.968810959886994
53037,Kittitas,Washington,2020-09-15,494,2020,44599,34.0,76.23489315903944
53037,Kittitas,Washington,2020-09-22,513,2020,44599,19.0,42.60185205946321
53037,Kittitas,Washington,2020-09-29,548,2020,44599,35.0,78.47709589901119
53037,Kittitas,Washington,2020-10-06,572,2020,44599,24.0,53.81286575932196
53037,Kittitas,Washington,2020-10-13,643,2020,44599,71.0,159.19639453799414
53037,Kittitas,Washington,2020-10-20,706,2020,44599,63.0,141.25877261822015
53037,Kittitas,Washington,2020-10-27,762,2020,44599,56.0,125.56335343841789
53037,Kittitas,Washington,2020-11-03,809,2020,44599,47.0,105.38352877867217
53037,Kittitas,Washington,2020-11-10,821,2020,44599,12.0,26.90643287966098
53037,Kittitas,Washington,2020-11-17,855,2020,44599,34.0,76.23489315903944
53037,Kittitas,Washington,2020-11-24,957,2020,44599,102.0,228.70467947711833
53037,Kittitas,Washington,2020-12-01,1196,2020,44599,239.0,535.8864548532479
53037,Kittitas,Washington,2020-12-08,1334,2020,44599,138.0,309.42397811610124
53037,Kittitas,Washington,2020-12-15,1452,2020,44599,118.0,264.5799233166663
53037,Kittitas,Washington,2020-12-22,1525,2020,44599,73.0,163.68080001793763
53037,Kittitas,Washington,2020-12-29,1660,2020,44599,135.0,302.69736989618605
53037,Kittitas,Washington,2021-01-05,1791,2021,44645,131.0,293.4259155560533
53037,Kittitas,Washington,2021-01-12,1903,2021,44645,112.0,250.86795833799977
53037,Kittitas,Washington,2021-01-19,1976,2021,44645,73.0,163.512151416732
53037,Kittitas,Washington,2021-01-26,2032,2021,44645,56.0,125.43397916899988
53037,Kittitas,Washington,2021-02-02,2080,2021,44645,48.0,107.51483928771418
53037,Kittitas,Washington,2021-02-09,2123,2021,44645,43.0,96.31537686191064
53037,Kittitas,Washington,2021-02-16,2145,2021,44645,22.0,49.277634673535665
53037,Kittitas,Washington,2021-02-23,2207,2021,44645,62.0,138.87333407996417
53037,Kittitas,Washington,2021-03-02,2261,2021,44645,54.0,120.95419419867845
53037,Kittitas,Washington,2021-03-09,2308,2021,44645,47.0,105.27494680255347
53037,Kittitas,Washington,2021-03-16,2375,2021,44645,67.0,150.07279650576774
53037,Kittitas,Washington,2021-03-23,2452,2021,44645,77.0,172.47172135737486
53037,Kittitas,Washington,2021-03-30,2503,2021,44645,51.0,114.23451674319632
53037,Kittitas,Washington,2021-04-06,2563,2021,44645,60.0,134.39354910964272
53037,Kittitas,Washington,2021-04-13,2621,2021,44645,58.0,129.91376413932133
53037,Kittitas,Washington,2021-04-20,2682,2021,44645,61.0,136.63344159480346
53037,Kittitas,Washington,2021-04-27,2738,2021,44645,56.0,125.43397916899988
53037,Kittitas,Washington,2021-05-04,2835,2021,44645,97.0,217.2695710605891
53037,Kittitas,Washington,2021-05-11,2951,2021,44645,116.0,259.82752827864266
53037,Kittitas,Washington,2021-05-18,3028,2021,44645,77.0,172.47172135737486
53037,Kittitas,Washington,2021-05-25,3072,2021,44645,44.0,98.55526934707133
53037,Kittitas,Washington,2021-06-01,3121,2021,44645,49.0,109.7547317728749
53037,Kittitas,Washington,2021-06-08,3196,2021,44645,75.0,167.9919363870534
53037,Kittitas,Washington,2021-06-15,3250,2021,44645,54.0,120.95419419867845
53037,Kittitas,Washington,2021-06-22,3302,2021,44645,52.0,116.47440922835705
53037,Kittitas,Washington,2021-06-29,3336,2021,44645,34.0,76.15634449546423
53037,Kittitas,Washington,2021-07-06,3362,2021,44645,26.0,58.23720461417852
53037,Kittitas,Washington,2021-07-13,3405,2021,44645,43.0,96.31537686191064
53037,Kittitas,Washington,2021-07-20,3429,2021,44645,24.0,53.75741964385709
53037,Kittitas,Washington,2021-07-27,3491,2021,44645,62.0,138.87333407996417
53037,Kittitas,Washington,2021-08-03,3536,2021,44645,45.0,100.79516183223207
53037,Kittitas,Washington,2021-08-10,3576,2021,44645,40.0,89.5956994064285
53037,Kittitas,Washington,2021-08-17,3677,2021,44645,101.0,226.22914100123194
53037,Kittitas,Washington,2021-08-24,3788,2021,44645,111.0,248.62806585283906
53037,Kittitas,Washington,2021-08-31,3913,2021,44645,125.0,279.986560645089
53037,Kittitas,Washington,2021-09-07,4046,2021,44645,133.0,297.9057005263747
53037,Kittitas,Washington,2021-09-14,4173,2021,44645,127.0,284.4663456154105
53037,Kittitas,Washington,2021-09-21,4301,2021,44645,128.0,286.70623810057117
53037,Kittitas,Washington,2021-09-28,4474,2021,44645,173.0,387.5013999328032
53037,Kittitas,Washington,2021-10-05,4647,2021,44645,173.0,387.5013999328032
53037,Kittitas,Washington,2021-10-12,4772,2021,44645,125.0,279.986560645089
53037,Kittitas,Washington,2021-10-19,4852,2021,44645,80.0,179.191398812857
53037,Kittitas,Washington,2021-10-26,4949,2021,44645,97.0,217.2695710605891
53037,Kittitas,Washington,2021-11-02,5009,2021,44645,60.0,134.39354910964272
53037,Kittitas,Washington,2021-11-09,5079,2021,44645,70.0,156.79247396124987
53037,Kittitas,Washington,2021-11-16,5148,2021,44645,69.0,154.55258147608913
53037,Kittitas,Washington,2021-11-23,5189,2021,44645,41.0,91.8355918915892
53037,Kittitas,Washington,2021-11-30,5274,2021,44645,85.0,190.39086123866053
53037,Kittitas,Washington,2021-12-07,5370,2021,44645,96.0,215.02967857542836
53037,Kittitas,Washington,2021-12-14,5412,2021,44645,42.0,94.07548437674991
53037,Kittitas,Washington,2021-12-21,5471,2021,44645,59.0,132.153656624482
53037,Kittitas,Washington,2021-12-28,5511,2021,44645,40.0,89.5956994064285
53037,Kittitas,Washington,2022-01-04,5691,2022,45122,180.0,398.91848765568903
53037,Kittitas,Washington,2022-01-11,6176,2022,45122,485.0,1074.863702850051
53037,Kittitas,Washington,2022-01-18,6652,2022,45122,476.0,1054.9177784672665
53037,Kittitas,Washington,2022-01-25,7146,2022,45122,494.0,1094.8096272328353
53037,Kittitas,Washington,2022-02-01,7906,2022,45122,760.0,1684.3225034351312
53037,Kittitas,Washington,2022-02-08,8037,2022,45122,131.0,290.3240104605292
53037,Kittitas,Washington,2022-02-15,8127,2022,45122,90.0,199.45924382784452
53037,Kittitas,Washington,2022-02-22,8082,2022,45122,-45.0,-99.72962191392226
53037,Kittitas,Washington,2022-03-01,7985,2022,45122,-97.0,-214.97274057001022
53037,Kittitas,Washington,2022-03-08,8071,2022,45122,86.0,190.59438854660698
53037,Kittitas,Washington,2022-03-15,8113,2022,45122,42.0,93.0809804529941
53037,Kittitas,Washington,2022-03-22,8164,2022,45122,51.0,113.02690483577857
53037,Kittitas,Washington,2022-03-29,8313,2022,45122,149.0,330.21585922609813
53037,Kittitas,Washington,2022-04-05,8343,2022,45122,30.0,66.48641460928151
53037,Kittitas,Washington,2022-04-12,8374,2022,45122,31.0,68.70262842959089
53037,Kittitas,Washington,2022-04-19,8437,2022,45122,63.0,139.62147067949115
53037,Kittitas,Washington,2022-04-26,8508,2022,45122,71.0,157.35118124196623
53037,Kittitas,Washington,2022-05-03,8571,2022,45122,63.0,139.62147067949115
53037,Kittitas,Washington,2022-05-10,8580,2022,45122,9.0,19.94592438278445
53037,Kittitas,Washington,2022-05-17,8622,2022,45122,42.0,93.0809804529941
53037,Kittitas,Washington,2022-05-24,8675,2022,45122,53.0,117.45933247639731
53037,Kittitas,Washington,2022-05-31,8718,2022,45122,43.0,95.29719427330349
53037,Kittitas,Washington,2022-06-07,8832,2022,45122,114.0,252.64837551526972
53037,Kittitas,Washington,2022-06-14,8929,2022,45122,97.0,214.97274057001022
53037,Kittitas,Washington,2022-06-21,9034,2022,45122,105.0,232.70245113248527
53037,Kittitas,Washington,2022-06-28,9136,2022,45122,102.0,226.05380967155713
53037,Kittitas,Washington,2022-07-05,9222,2022,45122,86.0,190.59438854660698
53037,Kittitas,Washington,2022-07-12,9362,2022,45122,140.0,310.2699348433137
53037,Kittitas,Washington,2022-07-19,9439,2022,45122,77.0,170.64846416382252
53037,Kittitas,Washington,2022-07-26,9518,2022,45122,79.0,175.0808918044413
53037,Kittitas,Washington,2022-08-02,9586,2022,45122,68.0,150.70253978103807
53037,Kittitas,Washington,2022-08-09,9621,2022,45122,35.0,77.56748371082843
53037,Kittitas,Washington,2022-08-16,9665,2022,45122,44.0,97.51340809361287
53037,Kittitas,Washington,2022-08-23,9711,2022,45122,46.0,101.94583573423164
53037,Kittitas,Washington,2022-08-30,9750,2022,45122,39.0,86.43233899206595
53037,Kittitas,Washington,2022-09-06,9778,2022,45122,28.0,62.053986968662734
53037,Kittitas,Washington,2022-09-13,9813,2022,45122,35.0,77.56748371082843
53037,Kittitas,Washington,2022-09-20,9870,2022,45122,57.0,126.32418775763486
53037,Kittitas,Washington,2022-09-27,9907,2022,45122,37.0,81.99991135144718
53037,Kittitas,Washington,2022-10-04,9942,2022,45122,35.0,77.56748371082843
53037,Kittitas,Washington,2022-10-11,9956,2022,45122,14.0,31.026993484331367
53037,Kittitas,Washington,2022-10-18,9986,2022,45122,30.0,66.48641460928151
53037,Kittitas,Washington,2022-10-25,9995,2022,45122,9.0,19.94592438278445
53037,Kittitas,Washington,2022-11-01,10005,2022,45122,10.0,22.162138203093836
53037,Kittitas,Washington,2022-11-08,10014,2022,45122,9.0,19.94592438278445
53037,Kittitas,Washington,2022-11-15,10034,2022,45122,20.0,44.32427640618767
53037,Kittitas,Washington,2022-11-22,10053,2022,45122,19.0,42.10806258587829
53037,Kittitas,Washington,2022-11-29,10064,2022,45122,11.0,24.378352023403217
53037,Kittitas,Washington,2022-12-06,10069,2022,45122,5.0,11.081069101546918
53037,Kittitas,Washington,2022-12-13,10091,2022,45122,22.0,48.75670404680643
53037,Kittitas,Washington,2022-12-20,10134,2022,45122,43.0,95.29719427330349
53037,Kittitas,Washington,2022-12-27,10166,2022,45122,32.0,70.91884224990027
53037,Kittitas,Washington,2023-01-03,10196,2023,45508,30.0,65.92247516920102
53037,Kittitas,Washington,2023-01-10,10218,2023,45508,22.0,48.34314845741408
53037,Kittitas,Washington,2023-01-17,10246,2023,45508,28.0,61.52764349125428
53037,Kittitas,Washington,2023-01-24,10269,2023,45508,23.0,50.54056429638745
53037,Kittitas,Washington,2023-01-31,10293,2023,45508,24.0,52.737980135360814
53037,Kittitas,Washington,2023-02-07,10312,2023,45508,19.0,41.750900940493985
53037,Kittitas,Washington,2023-02-14,10336,2023,45508,24.0,52.737980135360814
53037,Kittitas,Washington,2023-02-21,10356,2023,45508,20.0,43.94831677946735
53037,Kittitas,Washington,2023-02-28,10364,2023,45508,8.0,17.57932671178694
