fips,county,state,date,cases,year,population,delta_cases,delta_cases_per_100k
6097.0,Sonoma,California,2020-03-10,2,2020,488282,0.0,0.0
6097.0,Sonoma,California,2020-03-17,4,2020,488282,2.0,0.4095993708553664
6097.0,Sonoma,California,2020-03-24,27,2020,488282,23.0,4.710392764836713
6097.0,Sonoma,California,2020-03-31,58,2020,488282,31.0,6.348790248258179
6097.0,Sonoma,California,2020-04-07,102,2020,488282,44.0,9.011186158818061
6097.0,Sonoma,California,2020-04-14,133,2020,488282,31.0,6.348790248258179
6097.0,Sonoma,California,2020-04-21,182,2020,488282,49.0,10.035184585956477
6097.0,Sonoma,California,2020-04-28,226,2020,488282,44.0,9.011186158818061
6097.0,Sonoma,California,2020-05-05,263,2020,488282,37.0,7.577588360824278
6097.0,Sonoma,California,2020-05-12,308,2020,488282,45.0,9.215985844245743
6097.0,Sonoma,California,2020-05-19,389,2020,488282,81.0,16.58877451964234
6097.0,Sonoma,California,2020-05-26,509,2020,488282,120.0,24.575962251321982
6097.0,Sonoma,California,2020-06-02,572,2020,488282,63.0,12.902380181944041
6097.0,Sonoma,California,2020-06-09,663,2020,488282,91.0,18.63677137391917
6097.0,Sonoma,California,2020-06-16,741,2020,488282,78.0,15.974375463359287
6097.0,Sonoma,California,2020-06-23,916,2020,488282,175.0,35.83994494984456
6097.0,Sonoma,California,2020-06-30,1127,2020,488282,211.0,43.21273362524115
6097.0,Sonoma,California,2020-07-07,1478,2020,488282,351.0,71.8846895851168
6097.0,Sonoma,California,2020-07-14,1872,2020,488282,394.0,80.69107605850716
6097.0,Sonoma,California,2020-07-21,2206,2020,488282,334.0,68.40309493284619
6097.0,Sonoma,California,2020-07-28,2560,2020,488282,354.0,72.49908864139984
6097.0,Sonoma,California,2020-08-04,3116,2020,488282,556.0,113.86862509779185
6097.0,Sonoma,California,2020-08-11,3766,2020,488282,650.0,133.11979552799409
6097.0,Sonoma,California,2020-08-18,4525,2020,488282,759.0,155.44296123961152
6097.0,Sonoma,California,2020-08-25,5167,2020,488282,642.0,131.48139804457261
6097.0,Sonoma,California,2020-09-01,5753,2020,488282,586.0,120.01261566062233
6097.0,Sonoma,California,2020-09-08,6376,2020,488282,623.0,127.59020402144662
6097.0,Sonoma,California,2020-09-15,6721,2020,488282,345.0,70.65589147255069
6097.0,Sonoma,California,2020-09-22,7088,2020,488282,367.0,75.16148455195973
6097.0,Sonoma,California,2020-09-29,7448,2020,488282,360.0,73.72788675396595
6097.0,Sonoma,California,2020-10-06,7917,2020,488282,469.0,96.05105246558341
6097.0,Sonoma,California,2020-10-13,8479,2020,488282,562.0,115.09742321035796
6097.0,Sonoma,California,2020-10-20,8928,2020,488282,449.0,91.95505875702975
6097.0,Sonoma,California,2020-10-27,9417,2020,488282,489.0,100.14704617413707
6097.0,Sonoma,California,2020-11-03,9940,2020,488282,523.0,107.1102354786783
6097.0,Sonoma,California,2020-11-10,10449,2020,488282,509.0,104.24303988269075
6097.0,Sonoma,California,2020-11-17,11124,2020,488282,675.0,138.23978766368614
6097.0,Sonoma,California,2020-11-24,11698,2020,488282,574.0,117.55501943549015
6097.0,Sonoma,California,2020-12-01,12570,2020,488282,872.0,178.58532569293973
6097.0,Sonoma,California,2020-12-08,13687,2020,488282,1117.0,228.76124862272212
6097.0,Sonoma,California,2020-12-15,15502,2020,488282,1815.0,371.711429051245
6097.0,Sonoma,California,2020-12-22,17317,2020,488282,1815.0,371.711429051245
6097.0,Sonoma,California,2020-12-29,18898,2020,488282,1581.0,323.7883026611671
6097.0,Sonoma,California,2021-01-05,20361,2021,484519,1463.0,301.94894317869887
6097.0,Sonoma,California,2021-01-12,22520,2021,484519,2159.0,445.5965607127894
6097.0,Sonoma,California,2021-01-19,24254,2021,484519,1734.0,357.88070230475995
6097.0,Sonoma,California,2021-01-26,25403,2021,484519,1149.0,237.14240308429598
6097.0,Sonoma,California,2021-02-02,26196,2021,484519,793.0,163.66747227662898
6097.0,Sonoma,California,2021-02-09,26982,2021,484519,786.0,162.22274049108498
6097.0,Sonoma,California,2021-02-16,27555,2021,484519,573.0,118.26161615953143
6097.0,Sonoma,California,2021-02-23,28081,2021,484519,526.0,108.56127417087873
6097.0,Sonoma,California,2021-03-02,28479,2021,484519,398.0,82.14332152093107
6097.0,Sonoma,California,2021-03-09,28826,2021,484519,347.0,71.61741851196754
6097.0,Sonoma,California,2021-03-16,29090,2021,484519,264.0,54.487027340517095
6097.0,Sonoma,California,2021-03-23,29272,2021,484519,182.0,37.563026424144354
6097.0,Sonoma,California,2021-03-30,29469,2021,484519,197.0,40.658880250310105
6097.0,Sonoma,California,2021-04-06,29670,2021,484519,201.0,41.48444127062097
6097.0,Sonoma,California,2021-04-13,29836,2021,484519,166.0,34.260782342900896
6097.0,Sonoma,California,2021-04-20,29973,2021,484519,137.0,28.275464945647126
6097.0,Sonoma,California,2021-04-27,30067,2021,484519,94.0,19.400683977305327
6097.0,Sonoma,California,2021-05-04,30186,2021,484519,119.0,24.560440354248232
6097.0,Sonoma,California,2021-05-11,30290,2021,484519,104.0,21.46458652808249
6097.0,Sonoma,California,2021-05-18,30379,2021,484519,89.0,18.36873270191675
6097.0,Sonoma,California,2021-05-25,30535,2021,484519,156.0,32.19687979212373
6097.0,Sonoma,California,2021-06-01,30659,2021,484519,124.0,25.59239162963682
6097.0,Sonoma,California,2021-06-08,30869,2021,484519,210.0,43.34195356632041
6097.0,Sonoma,California,2021-06-15,31060,2021,484519,191.0,39.420538719843805
6097.0,Sonoma,California,2021-06-22,31291,2021,484519,231.0,47.67614892295246
6097.0,Sonoma,California,2021-06-29,31311,2021,484519,20.0,4.127805101554325
6097.0,Sonoma,California,2021-07-06,31493,2021,484519,182.0,37.563026424144354
6097.0,Sonoma,California,2021-07-13,31797,2021,484519,304.0,62.74263754362574
6097.0,Sonoma,California,2021-07-20,32135,2021,484519,338.0,69.75990621626809
6097.0,Sonoma,California,2021-07-27,32750,2021,484519,615.0,126.93000687279549
6097.0,Sonoma,California,2021-08-03,33641,2021,484519,891.0,183.89371727424518
6097.0,Sonoma,California,2021-08-10,34460,2021,484519,819.0,169.0336189086496
6097.0,Sonoma,California,2021-08-17,35373,2021,484519,913.0,188.43430288595493
6097.0,Sonoma,California,2021-08-24,36290,2021,484519,917.0,189.2598639062658
6097.0,Sonoma,California,2021-08-31,37832,2021,484519,1542.0,318.25377332983845
6097.0,Sonoma,California,2021-09-07,38470,2021,484519,638.0,131.67698273958297
6097.0,Sonoma,California,2021-09-14,39064,2021,484519,594.0,122.59581151616344
6097.0,Sonoma,California,2021-09-21,39523,2021,484519,459.0,94.73312708067176
6097.0,Sonoma,California,2021-09-28,39880,2021,484519,357.0,73.6813210627447
6097.0,Sonoma,California,2021-10-05,40246,2021,484519,366.0,75.53883335844415
6097.0,Sonoma,California,2021-10-12,40603,2021,484519,357.0,73.6813210627447
6097.0,Sonoma,California,2021-10-19,40886,2021,484519,283.0,58.4084421869937
6097.0,Sonoma,California,2021-10-26,41306,2021,484519,420.0,86.68390713264083
6097.0,Sonoma,California,2021-11-02,41809,2021,484519,503.0,103.81429830409127
6097.0,Sonoma,California,2021-11-09,42254,2021,484519,445.0,91.84366350958372
6097.0,Sonoma,California,2021-11-16,42589,2021,484519,335.0,69.14073545103494
6097.0,Sonoma,California,2021-11-23,42912,2021,484519,323.0,66.66405239010236
6097.0,Sonoma,California,2021-11-30,43224,2021,484519,312.0,64.39375958424746
6097.0,Sonoma,California,2021-12-07,43737,2021,484519,513.0,105.87820085486844
6097.0,Sonoma,California,2021-12-14,44131,2021,484519,394.0,81.31776050062021
6097.0,Sonoma,California,2021-12-21,44670,2021,484519,539.0,111.24434748688905
6097.0,Sonoma,California,2021-12-28,45811,2021,484519,1141.0,235.49128104367423
6097.0,Sonoma,California,2022-01-04,49610,2022,482669,3799.0,787.0818304055159
6097.0,Sonoma,California,2022-01-11,56880,2022,482669,7270.0,1506.2081882200846
6097.0,Sonoma,California,2022-01-18,65517,2022,482669,8637.0,1789.4250511219905
6097.0,Sonoma,California,2022-01-25,73701,2022,482669,8184.0,1695.5719136716882
6097.0,Sonoma,California,2022-02-01,78607,2022,482669,4906.0,1016.4315503999636
6097.0,Sonoma,California,2022-02-08,81190,2022,482669,2583.0,535.149346653711
6097.0,Sonoma,California,2022-02-15,82904,2022,482669,1714.0,355.1087805514752
6097.0,Sonoma,California,2022-02-22,83917,2022,482669,1013.0,209.8746760202126
6097.0,Sonoma,California,2022-03-01,84633,2022,482669,716.0,148.34182431438524
6097.0,Sonoma,California,2022-03-08,85121,2022,482669,488.0,101.10448361092176
6097.0,Sonoma,California,2022-03-15,85302,2022,482669,181.0,37.499818716345985
6097.0,Sonoma,California,2022-03-22,85625,2022,482669,323.0,66.91956599657321
6097.0,Sonoma,California,2022-03-29,85735,2022,482669,110.0,22.789945076232367
6097.0,Sonoma,California,2022-04-05,86001,2022,482669,266.0,55.110230820707365
6097.0,Sonoma,California,2022-04-12,86720,2022,482669,719.0,148.96336827100973
6097.0,Sonoma,California,2022-04-19,87188,2022,482669,468.0,96.96085723342497
6097.0,Sonoma,California,2022-04-26,87869,2022,482669,681.0,141.09047815376584
6097.0,Sonoma,California,2022-05-03,88702,2022,482669,833.0,172.58203862274146
6097.0,Sonoma,California,2022-05-10,89958,2022,482669,1256.0,260.21973650679865
6097.0,Sonoma,California,2022-05-17,91521,2022,482669,1563.0,323.8244014013745
6097.0,Sonoma,California,2022-05-24,93380,2022,482669,1859.0,385.150071788327
6097.0,Sonoma,California,2022-05-31,94930,2022,482669,1550.0,321.13104425600153
6097.0,Sonoma,California,2022-06-07,96569,2022,482669,1639.0,339.5701816358623
6097.0,Sonoma,California,2022-06-14,98142,2022,482669,1573.0,325.89621459012284
6097.0,Sonoma,California,2022-06-21,99589,2022,482669,1447.0,299.791368411893
6097.0,Sonoma,California,2022-06-28,101228,2022,482669,1639.0,339.5701816358623
6097.0,Sonoma,California,2022-07-05,102513,2022,482669,1285.0,266.227994754169
6097.0,Sonoma,California,2022-07-12,103785,2022,482669,1272.0,263.5346376087961
6097.0,Sonoma,California,2022-07-19,105040,2022,482669,1255.0,260.0125551879238
6097.0,Sonoma,California,2022-07-26,106174,2022,482669,1134.0,234.9436156040682
6097.0,Sonoma,California,2022-08-02,107287,2022,482669,1113.0,230.5928079076966
6097.0,Sonoma,California,2022-08-09,108212,2022,482669,925.0,191.64271995922672
6097.0,Sonoma,California,2022-08-16,108927,2022,482669,715.0,148.13464299551038
6097.0,Sonoma,California,2022-08-23,109582,2022,482669,655.0,135.70376386302
6097.0,Sonoma,California,2022-08-30,110141,2022,482669,559.0,115.81435725103539
6097.0,Sonoma,California,2022-09-06,110604,2022,482669,463.0,95.92495063905078
6097.0,Sonoma,California,2022-09-13,111268,2022,482669,664.0,137.56839573289355
6097.0,Sonoma,California,2022-09-20,111574,2022,482669,306.0,63.397483575700946
6097.0,Sonoma,California,2022-09-27,111895,2022,482669,321.0,66.50520335882355
6097.0,Sonoma,California,2022-10-04,112235,2022,482669,340.0,70.4416484174455
6097.0,Sonoma,California,2022-10-11,112504,2022,482669,269.0,55.73177477733187
6097.0,Sonoma,California,2022-10-18,112757,2022,482669,253.0,52.41687367533444
6097.0,Sonoma,California,2022-10-25,113030,2022,482669,273.0,56.56050005283124
6097.0,Sonoma,California,2022-11-01,113261,2022,482669,231.0,47.858884660087966
6097.0,Sonoma,California,2022-11-08,113449,2022,482669,188.0,38.950087948469864
6097.0,Sonoma,California,2022-11-15,113778,2022,482669,329.0,68.16265390982227
6097.0,Sonoma,California,2022-11-22,114100,2022,482669,322.0,66.71238467769838
6097.0,Sonoma,California,2022-11-29,114476,2022,482669,376.0,77.90017589693973
6097.0,Sonoma,California,2022-12-06,115109,2022,482669,633.0,131.14577484777354
6097.0,Sonoma,California,2022-12-13,115677,2022,482669,568.0,117.67898912090895
6097.0,Sonoma,California,2022-12-20,116217,2022,482669,540.0,111.87791219241343
6097.0,Sonoma,California,2022-12-27,116712,2022,482669,495.0,102.55475284304565
6097.0,Sonoma,California,2023-01-03,117196,2023,481812,484.0,100.45411903398006
6097.0,Sonoma,California,2023-01-10,117639,2023,481812,443.0,91.94457589267184
6097.0,Sonoma,California,2023-01-17,117830,2023,481812,191.0,39.64201804853346
6097.0,Sonoma,California,2023-01-24,118035,2023,481812,205.0,42.54771570654114
6097.0,Sonoma,California,2023-01-31,118231,2023,481812,196.0,40.67976721210763
6097.0,Sonoma,California,2023-02-07,118513,2023,481812,282.0,58.52905282558342
6097.0,Sonoma,California,2023-02-14,118802,2023,481812,289.0,59.98190165458727
6097.0,Sonoma,California,2023-02-21,119065,2023,481812,263.0,54.58560600400157
6097.0,Sonoma,California,2023-02-28,119314,2023,481812,249.0,51.679908345993866
