fips,county,state,date,cases,year,population,delta_cases,delta_cases_per_100k
06013,Contra Costa,California,2020-03-10,11,2020,1166069,0.0,0.0
06013,Contra Costa,California,2020-03-17,37,2020,1166069,26.0,2.2297136790361463
06013,Contra Costa,California,2020-03-24,108,2020,1166069,71.0,6.088833508137168
06013,Contra Costa,California,2020-03-31,246,2020,1166069,138.0,11.83463414257647
06013,Contra Costa,California,2020-04-07,471,2020,1166069,225.0,19.29559914550511
06013,Contra Costa,California,2020-04-14,617,2020,1166069,146.0,12.520699889972205
06013,Contra Costa,California,2020-04-21,766,2020,1166069,149.0,12.777974545245607
06013,Contra Costa,California,2020-04-28,866,2020,1166069,100.0,8.575821842446716
06013,Contra Costa,California,2020-05-05,976,2020,1166069,110.0,9.433404026691388
06013,Contra Costa,California,2020-05-12,1068,2020,1166069,92.0,7.889756095050979
06013,Contra Costa,California,2020-05-19,1206,2020,1166069,138.0,11.83463414257647
06013,Contra Costa,California,2020-05-26,1353,2020,1166069,147.0,12.606458108396673
06013,Contra Costa,California,2020-06-02,1506,2020,1166069,153.0,13.121007418943474
06013,Contra Costa,California,2020-06-09,1746,2020,1166069,240.0,20.58197242187212
06013,Contra Costa,California,2020-06-16,1973,2020,1166069,227.0,19.467115582354044
06013,Contra Costa,California,2020-06-23,2456,2020,1166069,483.0,41.42121949901764
06013,Contra Costa,California,2020-06-30,3146,2020,1166069,690.0,59.173170712882346
06013,Contra Costa,California,2020-07-07,4139,2020,1166069,993.0,85.1579108954959
06013,Contra Costa,California,2020-07-14,5125,2020,1166069,986.0,84.55760336652463
06013,Contra Costa,California,2020-07-21,6235,2020,1166069,1110.0,95.19162245115855
06013,Contra Costa,California,2020-07-28,7453,2020,1166069,1218.0,104.45351004100101
06013,Contra Costa,California,2020-08-04,8243,2020,1166069,790.0,67.74899255532905
06013,Contra Costa,California,2020-08-11,10049,2020,1166069,1806.0,154.8793424745877
06013,Contra Costa,California,2020-08-18,11730,2020,1166069,1681.0,144.1595651715293
06013,Contra Costa,California,2020-08-25,13229,2020,1166069,1499.0,128.55156941827627
06013,Contra Costa,California,2020-09-01,14053,2020,1166069,824.0,70.66477198176094
06013,Contra Costa,California,2020-09-08,14809,2020,1166069,756.0,64.83321312889717
06013,Contra Costa,California,2020-09-15,15500,2020,1166069,691.0,59.25892893130681
06013,Contra Costa,California,2020-09-22,16170,2020,1166069,670.0,57.458006344393
06013,Contra Costa,California,2020-09-29,16797,2020,1166069,627.0,53.77040295214091
06013,Contra Costa,California,2020-10-06,17381,2020,1166069,584.0,50.08279955988882
06013,Contra Costa,California,2020-10-13,17872,2020,1166069,491.0,42.107285246413376
06013,Contra Costa,California,2020-10-20,18338,2020,1166069,466.0,39.9633297858017
06013,Contra Costa,California,2020-10-27,18860,2020,1166069,522.0,44.76579001757186
06013,Contra Costa,California,2020-11-03,19514,2020,1166069,654.0,56.08587484960153
06013,Contra Costa,California,2020-11-10,20435,2020,1166069,921.0,78.98331916893426
06013,Contra Costa,California,2020-11-17,21684,2020,1166069,1249.0,107.11201481215949
06013,Contra Costa,California,2020-11-24,23226,2020,1166069,1542.0,132.23917281052834
06013,Contra Costa,California,2020-12-01,24975,2020,1166069,1749.0,149.99112402439306
06013,Contra Costa,California,2020-12-08,28180,2020,1166069,3205.0,274.8550900504173
06013,Contra Costa,California,2020-12-15,31742,2020,1166069,3562.0,305.470774027952
06013,Contra Costa,California,2020-12-22,36142,2020,1166069,4400.0,377.3361610676555
06013,Contra Costa,California,2020-12-29,39821,2020,1166069,3679.0,315.50448558361467
06013,Contra Costa,California,2021-01-05,44166,2021,1163941,4345.0,373.3007085410687
06013,Contra Costa,California,2021-01-12,49057,2021,1163941,4891.0,420.2103027558957
06013,Contra Costa,California,2021-01-19,53615,2021,1163941,4558.0,391.6006051853144
06013,Contra Costa,California,2021-01-26,56284,2021,1163941,2669.0,229.30715560324794
06013,Contra Costa,California,2021-02-02,58526,2021,1163941,2242.0,192.62144730703702
06013,Contra Costa,California,2021-02-09,60316,2021,1163941,1790.0,153.78786381783956
06013,Contra Costa,California,2021-02-16,61597,2021,1163941,1281.0,110.05712488863267
06013,Contra Costa,California,2021-02-23,62665,2021,1163941,1068.0,91.75722824438695
06013,Contra Costa,California,2021-03-02,63621,2021,1163941,956.0,82.13474737980705
06013,Contra Costa,California,2021-03-09,64396,2021,1163941,775.0,66.58413098258417
06013,Contra Costa,California,2021-03-16,65043,2021,1163941,647.0,55.58700999449285
06013,Contra Costa,California,2021-03-23,65599,2021,1163941,556.0,47.76874429202167
06013,Contra Costa,California,2021-03-30,66165,2021,1163941,566.0,48.62789436921631
06013,Contra Costa,California,2021-04-06,66712,2021,1163941,547.0,46.9955092225465
06013,Contra Costa,California,2021-04-13,67457,2021,1163941,745.0,64.00668075100026
06013,Contra Costa,California,2021-04-20,68069,2021,1163941,612.0,52.57998472431162
06013,Contra Costa,California,2021-04-27,68667,2021,1163941,598.0,51.377174616239145
06013,Contra Costa,California,2021-05-04,69149,2021,1163941,482.0,41.411033720781376
06013,Contra Costa,California,2021-05-11,69639,2021,1163941,490.0,42.09835378253709
06013,Contra Costa,California,2021-05-18,69996,2021,1163941,357.0,30.67165775584845
06013,Contra Costa,California,2021-05-25,70424,2021,1163941,428.0,36.771623303930355
06013,Contra Costa,California,2021-06-01,70672,2021,1163941,248.0,21.306921914426933
06013,Contra Costa,California,2021-06-08,71043,2021,1163941,371.0,31.874467863920938
06013,Contra Costa,California,2021-06-15,71392,2021,1163941,349.0,29.98433769409274
06013,Contra Costa,California,2021-06-22,71782,2021,1163941,390.0,33.50685301059074
06013,Contra Costa,California,2021-06-29,72086,2021,1163941,304.0,26.118162346716886
06013,Contra Costa,California,2021-07-06,72589,2021,1163941,503.0,43.215248882890116
06013,Contra Costa,California,2021-07-13,73315,2021,1163941,726.0,62.374295604330456
06013,Contra Costa,California,2021-07-20,74578,2021,1163941,1263.0,108.51065474968232
06013,Contra Costa,California,2021-07-27,76727,2021,1163941,2149.0,184.63135158912695
06013,Contra Costa,California,2021-08-03,79280,2021,1163941,2553.0,219.34101470779018
06013,Contra Costa,California,2021-08-10,81606,2021,1163941,2326.0,199.83830795547198
06013,Contra Costa,California,2021-08-17,84153,2021,1163941,2547.0,218.8255246614734
06013,Contra Costa,California,2021-08-24,86698,2021,1163941,2545.0,218.65369464603447
06013,Contra Costa,California,2021-08-31,91319,2021,1163941,4621.0,397.01325067164055
06013,Contra Costa,California,2021-09-07,92991,2021,1163941,1672.0,143.64989290694288
06013,Contra Costa,California,2021-09-14,94685,2021,1163941,1694.0,145.54002307677106
06013,Contra Costa,California,2021-09-21,96014,2021,1163941,1329.0,114.18104525916692
06013,Contra Costa,California,2021-09-28,97088,2021,1163941,1074.0,92.27271829070374
06013,Contra Costa,California,2021-10-05,98119,2021,1163941,1031.0,88.5783729587668
06013,Contra Costa,California,2021-10-12,98939,2021,1163941,820.0,70.45030632996003
06013,Contra Costa,California,2021-10-19,99701,2021,1163941,762.0,65.46723588223114
06013,Contra Costa,California,2021-10-26,100473,2021,1163941,772.0,66.32638595942578
06013,Contra Costa,California,2021-11-02,101240,2021,1163941,767.0,65.89681092082846
06013,Contra Costa,California,2021-11-09,101931,2021,1163941,691.0,59.36727033414924
06013,Contra Costa,California,2021-11-16,102546,2021,1163941,615.0,52.837729747470014
06013,Contra Costa,California,2021-11-23,103223,2021,1163941,677.0,58.16446022607675
06013,Contra Costa,California,2021-11-30,103831,2021,1163941,608.0,52.23632469343377
06013,Contra Costa,California,2021-12-07,104761,2021,1163941,930.0,79.900957179101
06013,Contra Costa,California,2021-12-14,105505,2021,1163941,744.0,63.920765743280796
06013,Contra Costa,California,2021-12-21,106742,2021,1163941,1237.0,106.27686454897628
06013,Contra Costa,California,2021-12-28,110068,2021,1163941,3326.0,285.75331567493544
06013,Contra Costa,California,2022-01-04,120500,2022,1157019,10432.0,901.6273717199113
06013,Contra Costa,California,2022-01-11,139546,2022,1157019,19046.0,1646.1268138206892
06013,Contra Costa,California,2022-01-18,158789,2022,1157019,19243.0,1663.1533276463047
06013,Contra Costa,California,2022-01-25,174738,2022,1157019,15949.0,1378.4561878413406
06013,Contra Costa,California,2022-02-01,186298,2022,1157019,11560.0,999.1192884472943
06013,Contra Costa,California,2022-02-08,191623,2022,1157019,5325.0,460.23444731676835
06013,Contra Costa,California,2022-02-15,194907,2022,1157019,3284.0,283.8328497630549
06013,Contra Costa,California,2022-02-22,196802,2022,1157019,1895.0,163.78296294183588
06013,Contra Costa,California,2022-03-01,198487,2022,1157019,1685.0,145.63287206173797
06013,Contra Costa,California,2022-03-08,199607,2022,1157019,1120.0,96.80048469385551
06013,Contra Costa,California,2022-03-15,200294,2022,1157019,687.0,59.37672587917744
06013,Contra Costa,California,2022-03-22,201144,2022,1157019,850.0,73.46465356230105
06013,Contra Costa,California,2022-03-29,201754,2022,1157019,610.0,52.72169255647487
06013,Contra Costa,California,2022-04-05,202292,2022,1157019,538.0,46.49880425472702
06013,Contra Costa,California,2022-04-12,203005,2022,1157019,713.0,61.623879988141944
06013,Contra Costa,California,2022-04-19,203689,2022,1157019,684.0,59.117438866604616
06013,Contra Costa,California,2022-04-26,205227,2022,1157019,1538.0,132.92780844566943
06013,Contra Costa,California,2022-05-03,207236,2022,1157019,2009.0,173.6358694196033
06013,Contra Costa,California,2022-05-10,209524,2022,1157019,2288.0,197.74956158887625
06013,Contra Costa,California,2022-05-17,212961,2022,1157019,3437.0,297.0564874042691
06013,Contra Costa,California,2022-05-24,217132,2022,1157019,4171.0,360.4953764804208
06013,Contra Costa,California,2022-05-31,221428,2022,1157019,4296.0,371.2990020042886
06013,Contra Costa,California,2022-06-07,225638,2022,1157019,4210.0,363.86610764386757
06013,Contra Costa,California,2022-06-14,229839,2022,1157019,4201.0,363.0882466061491
06013,Contra Costa,California,2022-06-21,233315,2022,1157019,3476.0,300.42721856771584
06013,Contra Costa,California,2022-06-28,237296,2022,1157019,3981.0,344.07386568414177
06013,Contra Costa,California,2022-07-05,241291,2022,1157019,3995.0,345.28387174281494
06013,Contra Costa,California,2022-07-12,245093,2022,1157019,3802.0,328.60307393396306
06013,Contra Costa,California,2022-07-19,249113,2022,1157019,4020.0,347.4445968475885
06013,Contra Costa,California,2022-07-26,252386,2022,1157019,3273.0,282.8821307169545
06013,Contra Costa,California,2022-08-02,255687,2022,1157019,3301.0,285.30214283430087
06013,Contra Costa,California,2022-08-09,258441,2022,1157019,2754.0,238.0254775418554
06013,Contra Costa,California,2022-08-16,260910,2022,1157019,2469.0,213.39321134743682
06013,Contra Costa,California,2022-08-23,262845,2022,1157019,1935.0,167.24012310947356
06013,Contra Costa,California,2022-08-30,264516,2022,1157019,1671.0,144.42286600306477
06013,Contra Costa,California,2022-09-06,266164,2022,1157019,1648.0,142.4349989066731
06013,Contra Costa,California,2022-09-13,267678,2022,1157019,1514.0,130.8535123450868
06013,Contra Costa,California,2022-09-20,268723,2022,1157019,1045.0,90.31830937953482
06013,Contra Costa,California,2022-09-27,270020,2022,1157019,1297.0,112.0984184356523
06013,Contra Costa,California,2022-10-04,270937,2022,1157019,917.0,79.2553968430942
06013,Contra Costa,California,2022-10-11,271751,2022,1157019,814.0,70.35320941142713
06013,Contra Costa,California,2022-10-18,272614,2022,1157019,863.0,74.5882306167833
06013,Contra Costa,California,2022-10-25,273349,2022,1157019,735.0,63.52531808034267
06013,Contra Costa,California,2022-11-01,274125,2022,1157019,776.0,67.06890725217131
06013,Contra Costa,California,2022-11-08,274940,2022,1157019,815.0,70.43963841561806
06013,Contra Costa,California,2022-11-15,276078,2022,1157019,1138.0,98.35620676929247
06013,Contra Costa,California,2022-11-22,277416,2022,1157019,1338.0,115.64200760748095
06013,Contra Costa,California,2022-11-29,278632,2022,1157019,1216.0,105.09766909618597
06013,Contra Costa,California,2022-12-06,280942,2022,1157019,2310.0,199.650999681077
06013,Contra Costa,California,2022-12-13,282941,2022,1157019,1999.0,172.77157937769388
06013,Contra Costa,California,2022-12-20,284743,2022,1157019,1802.0,155.74506555207824
06013,Contra Costa,California,2022-12-27,286324,2022,1157019,1581.0,136.64425562587994
06013,Contra Costa,California,2023-01-03,287807,2023,1155025,1483.0,128.3954892751239
06013,Contra Costa,California,2023-01-10,289239,2023,1155025,1432.0,123.98000043289106
06013,Contra Costa,California,2023-01-17,290015,2023,1155025,776.0,67.1846929720136
06013,Contra Costa,California,2023-01-24,290587,2023,1155025,572.0,49.522737603082184
06013,Contra Costa,California,2023-01-31,291447,2023,1155025,860.0,74.45726282980888
06013,Contra Costa,California,2023-02-07,292285,2023,1155025,838.0,72.55254215276726
06013,Contra Costa,California,2023-02-14,293022,2023,1155025,737.0,63.808142680894356
06013,Contra Costa,California,2023-02-21,293763,2023,1155025,741.0,64.15445553126555
06013,Contra Costa,California,2023-02-28,294922,2023,1155025,1159.0,100.34414839505638
