fips,county,state,date,cases,year,population,delta_cases,delta_cases_per_100k
53035,Kitsap,Washington,2020-03-10,1,2020,275823,0.0,0.0
53035,Kitsap,Washington,2020-03-17,7,2020,275823,6.0,2.1753080780065477
53035,Kitsap,Washington,2020-03-24,18,2020,275823,11.0,3.9880648096786704
53035,Kitsap,Washington,2020-03-31,74,2020,275823,56.0,20.302875394727778
53035,Kitsap,Washington,2020-04-07,119,2020,275823,45.0,16.31481058504911
53035,Kitsap,Washington,2020-04-14,132,2020,275823,13.0,4.71316750234752
53035,Kitsap,Washington,2020-04-21,138,2020,275823,6.0,2.1753080780065477
53035,Kitsap,Washington,2020-04-28,148,2020,275823,10.0,3.625513463344246
53035,Kitsap,Washington,2020-05-05,150,2020,275823,2.0,0.7251026926688492
53035,Kitsap,Washington,2020-05-12,156,2020,275823,6.0,2.1753080780065477
53035,Kitsap,Washington,2020-05-19,161,2020,275823,5.0,1.812756731672123
53035,Kitsap,Washington,2020-05-26,161,2020,275823,0.0,0.0
53035,Kitsap,Washington,2020-06-02,162,2020,275823,1.0,0.3625513463344246
53035,Kitsap,Washington,2020-06-09,171,2020,275823,9.0,3.2629621170098217
53035,Kitsap,Washington,2020-06-16,179,2020,275823,8.0,2.9004107706753968
53035,Kitsap,Washington,2020-06-23,198,2020,275823,19.0,6.888475580354067
53035,Kitsap,Washington,2020-06-30,226,2020,275823,28.0,10.151437697363889
53035,Kitsap,Washington,2020-07-07,263,2020,275823,37.0,13.414399814373711
53035,Kitsap,Washington,2020-07-14,322,2020,275823,59.0,21.39052943373105
53035,Kitsap,Washington,2020-07-21,428,2020,275823,106.0,38.430442711449004
53035,Kitsap,Washington,2020-07-28,568,2020,275823,140.0,50.75718848681944
53035,Kitsap,Washington,2020-08-04,686,2020,275823,118.0,42.7810588674621
53035,Kitsap,Washington,2020-08-11,759,2020,275823,73.0,26.466248282412995
53035,Kitsap,Washington,2020-08-18,849,2020,275823,90.0,32.62962117009822
53035,Kitsap,Washington,2020-08-25,940,2020,275823,91.0,32.99217251643264
53035,Kitsap,Washington,2020-09-01,1011,2020,275823,71.0,25.741145589744146
53035,Kitsap,Washington,2020-09-08,1059,2020,275823,48.0,17.40246462405238
53035,Kitsap,Washington,2020-09-15,1112,2020,275823,53.0,19.215221355724502
53035,Kitsap,Washington,2020-09-22,1148,2020,275823,36.0,13.051848468039287
53035,Kitsap,Washington,2020-09-29,1220,2020,275823,72.0,26.103696936078574
53035,Kitsap,Washington,2020-10-06,1318,2020,275823,98.0,35.53003194077361
53035,Kitsap,Washington,2020-10-13,1373,2020,275823,55.0,19.940324048393354
53035,Kitsap,Washington,2020-10-20,1438,2020,275823,65.0,23.565837511737598
53035,Kitsap,Washington,2020-10-27,1511,2020,275823,73.0,26.466248282412995
53035,Kitsap,Washington,2020-11-03,1637,2020,275823,126.0,45.6814696381375
53035,Kitsap,Washington,2020-11-10,1803,2020,275823,166.0,60.183523491514485
53035,Kitsap,Washington,2020-11-17,2035,2020,275823,232.0,84.1119123495865
53035,Kitsap,Washington,2020-11-24,2296,2020,275823,261.0,94.62590139328482
53035,Kitsap,Washington,2020-12-01,2573,2020,275823,277.0,100.42672293463562
53035,Kitsap,Washington,2020-12-08,2957,2020,275823,384.0,139.21971699241905
53035,Kitsap,Washington,2020-12-15,3228,2020,275823,271.0,98.25141485662907
53035,Kitsap,Washington,2020-12-22,3493,2020,275823,265.0,96.07610677862252
53035,Kitsap,Washington,2020-12-29,3787,2020,275823,294.0,106.59009582232083
53035,Kitsap,Washington,2021-01-05,4076,2021,276589,289.0,104.48716326390421
53035,Kitsap,Washington,2021-01-12,4490,2021,276589,414.0,149.68057298012576
53035,Kitsap,Washington,2021-01-19,4748,2021,276589,258.0,93.27919765428126
53035,Kitsap,Washington,2021-01-26,4994,2021,276589,246.0,88.940630321524
53035,Kitsap,Washington,2021-02-02,5208,2021,276589,214.0,77.37111743417128
53035,Kitsap,Washington,2021-02-09,5470,2021,276589,262.0,94.72538676520035
53035,Kitsap,Washington,2021-02-16,5577,2021,276589,107.0,38.68555871708564
53035,Kitsap,Washington,2021-02-23,5703,2021,276589,126.0,45.554956993951315
53035,Kitsap,Washington,2021-03-02,5800,2021,276589,97.0,35.070085939787916
53035,Kitsap,Washington,2021-03-09,5918,2021,276589,118.0,42.662578772113136
53035,Kitsap,Washington,2021-03-16,6048,2021,276589,130.0,47.0011461048704
53035,Kitsap,Washington,2021-03-23,6187,2021,276589,139.0,50.255071604438356
53035,Kitsap,Washington,2021-03-30,6368,2021,276589,181.0,65.4400572690888
53035,Kitsap,Washington,2021-04-06,6604,2021,276589,236.0,85.32515754422627
53035,Kitsap,Washington,2021-04-13,6836,2021,276589,232.0,83.87896843330718
53035,Kitsap,Washington,2021-04-20,7150,2021,276589,314.0,113.52584520714852
53035,Kitsap,Washington,2021-04-27,7451,2021,276589,301.0,108.82573059666147
53035,Kitsap,Washington,2021-05-04,7734,2021,276589,283.0,102.31787959752558
53035,Kitsap,Washington,2021-05-11,7998,2021,276589,264.0,95.4484813206599
53035,Kitsap,Washington,2021-05-18,8170,2021,276589,172.0,62.18613176952084
53035,Kitsap,Washington,2021-05-25,8351,2021,276589,181.0,65.4400572690888
53035,Kitsap,Washington,2021-06-01,8467,2021,276589,116.0,41.93948421665359
53035,Kitsap,Washington,2021-06-08,8584,2021,276589,117.0,42.301031494383366
53035,Kitsap,Washington,2021-06-15,8659,2021,276589,75.0,27.116045829732922
53035,Kitsap,Washington,2021-06-22,8732,2021,276589,73.0,26.39295127427338
53035,Kitsap,Washington,2021-06-29,8822,2021,276589,90.0,32.53925499567951
53035,Kitsap,Washington,2021-07-06,8881,2021,276589,59.0,21.331289386056568
53035,Kitsap,Washington,2021-07-13,8949,2021,276589,68.0,24.585214885624517
53035,Kitsap,Washington,2021-07-20,9073,2021,276589,124.0,44.83186243849177
53035,Kitsap,Washington,2021-07-27,9252,2021,276589,179.0,64.71696271362926
53035,Kitsap,Washington,2021-08-03,9485,2021,276589,233.0,84.24051571103696
53035,Kitsap,Washington,2021-08-10,9877,2021,276589,392.0,141.72653287007074
53035,Kitsap,Washington,2021-08-17,10457,2021,276589,580.0,209.69742108326795
53035,Kitsap,Washington,2021-08-24,11166,2021,276589,709.0,256.33701991040857
53035,Kitsap,Washington,2021-08-31,11905,2021,276589,739.0,267.18343824230175
53035,Kitsap,Washington,2021-09-07,12731,2021,276589,826.0,298.63805140479195
53035,Kitsap,Washington,2021-09-14,13484,2021,276589,753.0,272.2451001305186
53035,Kitsap,Washington,2021-09-21,14127,2021,276589,643.0,232.4748995802436
53035,Kitsap,Washington,2021-09-28,14787,2021,276589,660.0,238.62120330164976
53035,Kitsap,Washington,2021-10-05,15388,2021,276589,601.0,217.2899139155932
53035,Kitsap,Washington,2021-10-12,15902,2021,276589,514.0,185.83530075310298
53035,Kitsap,Washington,2021-10-19,16335,2021,276589,433.0,156.54997125699143
53035,Kitsap,Washington,2021-10-26,16748,2021,276589,413.0,149.31902570239598
53035,Kitsap,Washington,2021-11-02,17075,2021,276589,327.0,118.22595981763557
53035,Kitsap,Washington,2021-11-09,17366,2021,276589,291.0,105.21025781936376
53035,Kitsap,Washington,2021-11-16,17676,2021,276589,310.0,112.07965609622943
53035,Kitsap,Washington,2021-11-23,17983,2021,276589,307.0,110.99501426304012
53035,Kitsap,Washington,2021-11-30,18173,2021,276589,190.0,68.69398276865674
53035,Kitsap,Washington,2021-12-07,18512,2021,276589,339.0,122.56452715039283
53035,Kitsap,Washington,2021-12-14,18755,2021,276589,243.0,87.85598848833467
53035,Kitsap,Washington,2021-12-21,19068,2021,276589,313.0,113.16429792941874
53035,Kitsap,Washington,2021-12-28,19740,2021,276589,672.0,242.959770634407
53035,Kitsap,Washington,2022-01-04,21198,2022,277813,1458.0,524.8134536540766
53035,Kitsap,Washington,2022-01-11,24443,2022,277813,3245.0,1168.0518910202186
53035,Kitsap,Washington,2022-01-18,27908,2022,277813,3465.0,1247.2418497334538
53035,Kitsap,Washington,2022-01-25,31186,2022,277813,3278.0,1179.9303848272039
53035,Kitsap,Washington,2022-02-01,35583,2022,277813,4397.0,1582.719311191341
53035,Kitsap,Washington,2022-02-08,36773,2022,277813,1190.0,428.34568576704476
53035,Kitsap,Washington,2022-02-15,37921,2022,277813,1148.0,413.22760273997255
53035,Kitsap,Washington,2022-02-22,37938,2022,277813,17.0,6.119224082386353
53035,Kitsap,Washington,2022-03-01,38357,2022,277813,419.0,150.82087591293424
53035,Kitsap,Washington,2022-03-08,38670,2022,277813,313.0,112.66571398746638
53035,Kitsap,Washington,2022-03-15,38871,2022,277813,201.0,72.35082591527394
53035,Kitsap,Washington,2022-03-22,38980,2022,277813,109.0,39.23502499883015
53035,Kitsap,Washington,2022-03-29,39133,2022,277813,153.0,55.07301674147718
53035,Kitsap,Washington,2022-04-05,39268,2022,277813,135.0,48.59383830130339
53035,Kitsap,Washington,2022-04-12,39373,2022,277813,105.0,37.795207567680414
53035,Kitsap,Washington,2022-04-19,39638,2022,277813,265.0,95.38790481366962
53035,Kitsap,Washington,2022-04-26,40049,2022,277813,411.0,147.94124105063477
53035,Kitsap,Washington,2022-05-03,41003,2022,277813,954.0,343.39645732921065
53035,Kitsap,Washington,2022-05-10,41135,2022,277813,132.0,47.513975227941096
53035,Kitsap,Washington,2022-05-17,41737,2022,277813,602.0,216.6925233880344
53035,Kitsap,Washington,2022-05-24,42265,2022,277813,528.0,190.05590091176438
53035,Kitsap,Washington,2022-05-31,42641,2022,277813,376.0,135.34283852807465
53035,Kitsap,Washington,2022-06-07,43406,2022,277813,765.0,275.3650837073859
53035,Kitsap,Washington,2022-06-14,43812,2022,277813,406.0,146.1414692616976
53035,Kitsap,Washington,2022-06-21,44098,2022,277813,286.0,102.94694632720571
53035,Kitsap,Washington,2022-06-28,44763,2022,277813,665.0,239.36964792864265
53035,Kitsap,Washington,2022-07-05,45006,2022,277813,243.0,87.46890894234612
53035,Kitsap,Washington,2022-07-12,45650,2022,277813,644.0,231.81060641510655
53035,Kitsap,Washington,2022-07-19,46075,2022,277813,425.0,152.98060205965882
53035,Kitsap,Washington,2022-07-26,46560,2022,277813,485.0,174.5778635269048
53035,Kitsap,Washington,2022-08-02,46881,2022,277813,321.0,115.54534884976584
53035,Kitsap,Washington,2022-08-09,47058,2022,277813,177.0,63.71192132837556
53035,Kitsap,Washington,2022-08-16,47510,2022,277813,452.0,162.6993697199195
53035,Kitsap,Washington,2022-08-23,47750,2022,277813,240.0,86.38904586898381
53035,Kitsap,Washington,2022-08-30,48037,2022,277813,287.0,103.30690068499314
53035,Kitsap,Washington,2022-09-06,48146,2022,277813,109.0,39.23502499883015
53035,Kitsap,Washington,2022-09-13,48401,2022,277813,255.0,91.7883612357953
53035,Kitsap,Washington,2022-09-20,48576,2022,277813,175.0,62.9920126128007
53035,Kitsap,Washington,2022-09-27,48835,2022,277813,259.0,93.22817866694504
53035,Kitsap,Washington,2022-10-04,49097,2022,277813,262.0,94.30804174030733
53035,Kitsap,Washington,2022-10-11,49223,2022,277813,126.0,45.3542490812165
53035,Kitsap,Washington,2022-10-18,49331,2022,277813,108.0,38.87507064104272
53035,Kitsap,Washington,2022-10-25,49474,2022,277813,143.0,51.473473163602854
53035,Kitsap,Washington,2022-11-01,49613,2022,277813,139.0,50.03365573245313
53035,Kitsap,Washington,2022-11-08,49640,2022,277813,27.0,9.71876766026068
53035,Kitsap,Washington,2022-11-15,50048,2022,277813,408.0,146.86137797727247
53035,Kitsap,Washington,2022-11-22,50169,2022,277813,121.0,43.55447729227934
53035,Kitsap,Washington,2022-11-29,50368,2022,277813,199.0,71.63091719969908
53035,Kitsap,Washington,2022-12-06,50529,2022,277813,161.0,57.95265160377664
53035,Kitsap,Washington,2022-12-13,50723,2022,277813,194.0,69.83114541076192
53035,Kitsap,Washington,2022-12-20,50917,2022,277813,194.0,69.83114541076192
53035,Kitsap,Washington,2022-12-27,51105,2022,277813,188.0,67.67141926403733
53035,Kitsap,Washington,2023-01-03,51235,2023,277658,130.0,46.82018886543878
53035,Kitsap,Washington,2023-01-10,51416,2023,277658,181.0,65.18810911264937
53035,Kitsap,Washington,2023-01-17,51538,2023,277658,122.0,43.93894647371947
53035,Kitsap,Washington,2023-01-24,51684,2023,277658,146.0,52.5826736488774
53035,Kitsap,Washington,2023-01-31,51842,2023,277658,158.0,56.904537236456356
53035,Kitsap,Washington,2023-02-07,51984,2023,277658,142.0,51.14205245301774
53035,Kitsap,Washington,2023-02-14,52157,2023,277658,173.0,62.30686672093007
53035,Kitsap,Washington,2023-02-21,52331,2023,277658,174.0,62.66702201989497
53035,Kitsap,Washington,2023-02-28,52480,2023,277658,149.0,53.66313954577213
