fips,county,state,date,cases,year,population,delta_cases,delta_cases_per_100k
41005.0,Clackamas,Oregon,2020-03-10,0,2020,422468,0.0,0.0
41005.0,Clackamas,Oregon,2020-03-17,6,2020,422468,6.0,1.4202259106015132
41005.0,Clackamas,Oregon,2020-03-24,17,2020,422468,11.0,2.6037475027694406
41005.0,Clackamas,Oregon,2020-03-31,50,2020,422468,33.0,7.811242508308323
41005.0,Clackamas,Oregon,2020-04-07,90,2020,422468,40.0,9.46817273734342
41005.0,Clackamas,Oregon,2020-04-14,135,2020,422468,45.0,10.651694329511347
41005.0,Clackamas,Oregon,2020-04-21,173,2020,422468,38.0,8.99476410047625
41005.0,Clackamas,Oregon,2020-04-28,205,2020,422468,32.0,7.574538189874735
41005.0,Clackamas,Oregon,2020-05-05,231,2020,422468,26.0,6.154312279273223
41005.0,Clackamas,Oregon,2020-05-12,274,2020,422468,43.0,10.178285692644176
41005.0,Clackamas,Oregon,2020-05-19,284,2020,422468,10.0,2.367043184335855
41005.0,Clackamas,Oregon,2020-05-26,296,2020,422468,12.0,2.8404518212030263
41005.0,Clackamas,Oregon,2020-06-02,317,2020,422468,21.0,4.970790687105295
41005.0,Clackamas,Oregon,2020-06-09,393,2020,422468,76.0,17.9895282009525
41005.0,Clackamas,Oregon,2020-06-16,509,2020,422468,116.0,27.45770093829592
41005.0,Clackamas,Oregon,2020-06-23,632,2020,422468,123.0,29.114631167331016
41005.0,Clackamas,Oregon,2020-06-30,733,2020,422468,101.0,23.907136161792135
41005.0,Clackamas,Oregon,2020-07-07,877,2020,422468,144.0,34.08542185443631
41005.0,Clackamas,Oregon,2020-07-14,1027,2020,422468,150.0,35.50564776503783
41005.0,Clackamas,Oregon,2020-07-21,1156,2020,422468,129.0,30.534857077932532
41005.0,Clackamas,Oregon,2020-07-28,1296,2020,422468,140.0,33.13860458070197
41005.0,Clackamas,Oregon,2020-08-04,1443,2020,422468,147.0,34.79553480973707
41005.0,Clackamas,Oregon,2020-08-11,1571,2020,422468,128.0,30.29815275949894
41005.0,Clackamas,Oregon,2020-08-18,1709,2020,422468,138.0,32.6651959438348
41005.0,Clackamas,Oregon,2020-08-25,1852,2020,422468,143.0,33.84871753600273
41005.0,Clackamas,Oregon,2020-09-01,1979,2020,422468,127.0,30.061448441065355
41005.0,Clackamas,Oregon,2020-09-08,2095,2020,422468,116.0,27.45770093829592
41005.0,Clackamas,Oregon,2020-09-15,2178,2020,422468,83.0,19.646458429987597
41005.0,Clackamas,Oregon,2020-09-22,2304,2020,422468,126.0,29.82474412263177
41005.0,Clackamas,Oregon,2020-09-29,2448,2020,422468,144.0,34.08542185443631
41005.0,Clackamas,Oregon,2020-10-06,2595,2020,422468,147.0,34.79553480973707
41005.0,Clackamas,Oregon,2020-10-13,2792,2020,422468,197.0,46.63075073141634
41005.0,Clackamas,Oregon,2020-10-20,2970,2020,422468,178.0,42.13336868117822
41005.0,Clackamas,Oregon,2020-10-27,3172,2020,422468,202.0,47.81427232358427
41005.0,Clackamas,Oregon,2020-11-03,3535,2020,422468,363.0,85.92366759139155
41005.0,Clackamas,Oregon,2020-11-10,4101,2020,422468,566.0,133.9746442334094
41005.0,Clackamas,Oregon,2020-11-17,4745,2020,422468,644.0,152.43758107122906
41005.0,Clackamas,Oregon,2020-11-24,5574,2020,422468,829.0,196.22787998144238
41005.0,Clackamas,Oregon,2020-12-01,6548,2020,422468,974.0,230.55000615431229
41005.0,Clackamas,Oregon,2020-12-08,7526,2020,422468,978.0,231.49682342804664
41005.0,Clackamas,Oregon,2020-12-15,8374,2020,422468,848.0,200.7252620316805
41005.0,Clackamas,Oregon,2020-12-22,9297,2020,422468,923.0,218.4780859141994
41005.0,Clackamas,Oregon,2020-12-29,9821,2020,422468,524.0,124.03306285919881
41005.0,Clackamas,Oregon,2021-01-05,10545,2021,423804,724.0,170.8336872705307
41005.0,Clackamas,Oregon,2021-01-12,11268,2021,423804,723.0,170.5977291389416
41005.0,Clackamas,Oregon,2021-01-19,11760,2021,423804,492.0,116.09140074185235
41005.0,Clackamas,Oregon,2021-01-26,12186,2021,423804,426.0,100.51816405696972
41005.0,Clackamas,Oregon,2021-02-02,12616,2021,423804,430.0,101.46199658332625
41005.0,Clackamas,Oregon,2021-02-09,12909,2021,423804,293.0,69.13573255561533
41005.0,Clackamas,Oregon,2021-02-16,13100,2021,423804,191.0,45.06800313352399
41005.0,Clackamas,Oregon,2021-02-23,13260,2021,423804,160.0,37.75330105426093
41005.0,Clackamas,Oregon,2021-03-02,13410,2021,423804,150.0,35.39371973836962
41005.0,Clackamas,Oregon,2021-03-09,13551,2021,423804,141.0,33.27009655406744
41005.0,Clackamas,Oregon,2021-03-16,13759,2021,423804,208.0,49.07929137053922
41005.0,Clackamas,Oregon,2021-03-23,13947,2021,423804,188.0,44.36012873875659
41005.0,Clackamas,Oregon,2021-03-30,14244,2021,423804,297.0,70.07956508197186
41005.0,Clackamas,Oregon,2021-04-06,14574,2021,423804,330.0,77.86618342441317
41005.0,Clackamas,Oregon,2021-04-13,14975,2021,423804,401.0,94.61921076724146
41005.0,Clackamas,Oregon,2021-04-20,15499,2021,423804,524.0,123.64206095270455
41005.0,Clackamas,Oregon,2021-04-27,16087,2021,423804,588.0,138.74338137440893
41005.0,Clackamas,Oregon,2021-05-04,16748,2021,423804,661.0,155.96832498041547
41005.0,Clackamas,Oregon,2021-05-11,17323,2021,423804,575.0,135.6759256637502
41005.0,Clackamas,Oregon,2021-05-18,17751,2021,423804,428.0,100.990080320148
41005.0,Clackamas,Oregon,2021-05-25,18080,2021,423804,329.0,77.63022529282404
41005.0,Clackamas,Oregon,2021-06-01,18353,2021,423804,273.0,64.41656992383271
41005.0,Clackamas,Oregon,2021-06-08,18598,2021,423804,245.0,57.809742239337055
41005.0,Clackamas,Oregon,2021-06-15,18798,2021,423804,200.0,47.19162631782616
41005.0,Clackamas,Oregon,2021-06-22,18953,2021,423804,155.0,36.57351039631528
41005.0,Clackamas,Oregon,2021-06-29,19058,2021,423804,105.0,24.775603816858734
41005.0,Clackamas,Oregon,2021-07-06,19175,2021,423804,117.0,27.607101395928307
41005.0,Clackamas,Oregon,2021-07-13,19312,2021,423804,137.0,32.32626402771092
41005.0,Clackamas,Oregon,2021-07-20,19498,2021,423804,186.0,43.888212475578335
41005.0,Clackamas,Oregon,2021-07-27,19775,2021,423804,277.0,65.36040245018924
41005.0,Clackamas,Oregon,2021-08-03,20244,2021,423804,469.0,110.66436371530236
41005.0,Clackamas,Oregon,2021-08-10,20906,2021,423804,662.0,156.20428311200462
41005.0,Clackamas,Oregon,2021-08-17,21785,2021,423804,879.0,207.407197666846
41005.0,Clackamas,Oregon,2021-08-24,22767,2021,423804,982.0,231.71088522052648
41005.0,Clackamas,Oregon,2021-08-31,23818,2021,423804,1051.0,247.99199630017648
41005.0,Clackamas,Oregon,2021-09-07,24848,2021,423804,1030.0,243.03687553680476
41005.0,Clackamas,Oregon,2021-09-14,25888,2021,423804,1040.0,245.39645685269608
41005.0,Clackamas,Oregon,2021-09-21,26680,2021,423804,792.0,186.87884021859162
41005.0,Clackamas,Oregon,2021-09-28,27591,2021,423804,911.0,214.95785787769816
41005.0,Clackamas,Oregon,2021-10-05,28287,2021,423804,696.0,164.22685958603506
41005.0,Clackamas,Oregon,2021-10-12,28835,2021,423804,548.0,129.30505611084368
41005.0,Clackamas,Oregon,2021-10-19,29440,2021,423804,605.0,142.75466961142416
41005.0,Clackamas,Oregon,2021-10-26,30096,2021,423804,656.0,154.78853432246981
41005.0,Clackamas,Oregon,2021-11-02,30743,2021,423804,647.0,152.66491113816764
41005.0,Clackamas,Oregon,2021-11-09,31294,2021,423804,551.0,130.01293050561108
41005.0,Clackamas,Oregon,2021-11-16,31789,2021,423804,495.0,116.79927513661977
41005.0,Clackamas,Oregon,2021-11-23,32354,2021,423804,565.0,133.31634434785892
41005.0,Clackamas,Oregon,2021-11-30,32773,2021,423804,419.0,98.86645713584582
41005.0,Clackamas,Oregon,2021-12-07,33323,2021,423804,550.0,129.77697237402194
41005.0,Clackamas,Oregon,2021-12-14,33753,2021,423804,430.0,101.46199658332625
41005.0,Clackamas,Oregon,2021-12-21,34269,2021,423804,516.0,121.75439589999151
41005.0,Clackamas,Oregon,2021-12-28,35065,2021,423804,796.0,187.82267274494814
41005.0,Clackamas,Oregon,2022-01-04,37189,2022,423118,2124.0,501.98762520148045
41005.0,Clackamas,Oregon,2022-01-11,42417,2022,423118,5228.0,1235.589126437542
41005.0,Clackamas,Oregon,2022-01-18,47536,2022,423118,5119.0,1209.827991245941
41005.0,Clackamas,Oregon,2022-01-25,51874,2022,423118,4338.0,1025.2459124877694
41005.0,Clackamas,Oregon,2022-02-01,54975,2022,423118,3101.0,732.8924791665683
41005.0,Clackamas,Oregon,2022-02-08,56932,2022,423118,1957.0,462.51872999966906
41005.0,Clackamas,Oregon,2022-02-15,58089,2022,423118,1157.0,273.4461781347047
41005.0,Clackamas,Oregon,2022-02-22,58730,2022,423118,641.0,151.4943821818027
41005.0,Clackamas,Oregon,2022-03-01,59154,2022,423118,424.0,100.20845248843112
41005.0,Clackamas,Oregon,2022-03-08,59402,2022,423118,248.0,58.61249107813896
41005.0,Clackamas,Oregon,2022-03-15,59627,2022,423118,225.0,53.17665521202123
41005.0,Clackamas,Oregon,2022-03-22,59731,2022,423118,104.0,24.579431742445372
41005.0,Clackamas,Oregon,2022-03-29,59877,2022,423118,146.0,34.505740715356
41005.0,Clackamas,Oregon,2022-04-05,59978,2022,423118,101.0,23.87040967295175
41005.0,Clackamas,Oregon,2022-04-12,60312,2022,423118,334.0,78.93779040362263
41005.0,Clackamas,Oregon,2022-04-19,60737,2022,423118,425.0,100.44479317826234
41005.0,Clackamas,Oregon,2022-04-26,61304,2022,423118,567.0,134.0051711342935
41005.0,Clackamas,Oregon,2022-05-03,62133,2022,423118,829.0,195.92643187006934
41005.0,Clackamas,Oregon,2022-05-10,63267,2022,423118,1134.0,268.010342268587
41005.0,Clackamas,Oregon,2022-05-17,64186,2022,423118,919.0,217.19709395487783
41005.0,Clackamas,Oregon,2022-05-24,65656,2022,423118,1470.0,347.42081405187207
41005.0,Clackamas,Oregon,2022-05-31,66743,2022,423118,1087.0,256.9023298465204
41005.0,Clackamas,Oregon,2022-06-07,67718,2022,423118,975.0,230.43217258542532
41005.0,Clackamas,Oregon,2022-06-14,68645,2022,423118,927.0,219.08781947352747
41005.0,Clackamas,Oregon,2022-06-21,69449,2022,423118,804.0,190.0179146242892
41005.0,Clackamas,Oregon,2022-06-28,70644,2022,423118,1195.0,282.42712434829053
41005.0,Clackamas,Oregon,2022-07-05,71578,2022,423118,934.0,220.7422043023459
41005.0,Clackamas,Oregon,2022-07-12,72448,2022,423118,870.0,205.61640015314876
41005.0,Clackamas,Oregon,2022-07-19,73243,2022,423118,795.0,187.89084841580836
41005.0,Clackamas,Oregon,2022-07-26,73959,2022,423118,716.0,169.2199339191431
41005.0,Clackamas,Oregon,2022-08-02,74472,2022,423118,513.0,121.2427738834084
41005.0,Clackamas,Oregon,2022-08-09,75184,2022,423118,712.0,168.2745711598183
41005.0,Clackamas,Oregon,2022-08-16,75648,2022,423118,464.0,109.66208008167935
41005.0,Clackamas,Oregon,2022-08-23,76064,2022,423118,416.0,98.31772696978149
41005.0,Clackamas,Oregon,2022-08-30,76448,2022,423118,384.0,90.7548248951829
41005.0,Clackamas,Oregon,2022-09-06,76753,2022,423118,305.0,72.08391039851767
41005.0,Clackamas,Oregon,2022-09-13,77178,2022,423118,425.0,100.44479317826234
41005.0,Clackamas,Oregon,2022-09-20,77255,2022,423118,77.0,18.19823311700282
41005.0,Clackamas,Oregon,2022-09-27,77708,2022,423118,453.0,107.06233249353609
41005.0,Clackamas,Oregon,2022-10-04,78103,2022,423118,395.0,93.35457248332617
41005.0,Clackamas,Oregon,2022-10-11,78536,2022,423118,433.0,102.33551869691198
41005.0,Clackamas,Oregon,2022-10-18,78811,2022,423118,275.0,64.99368970358151
41005.0,Clackamas,Oregon,2022-10-25,79214,2022,423118,403.0,95.24529800197581
41005.0,Clackamas,Oregon,2022-11-01,79374,2022,423118,160.0,37.81451037299288
41005.0,Clackamas,Oregon,2022-11-08,79593,2022,423118,219.0,51.758611073034004
41005.0,Clackamas,Oregon,2022-11-15,79949,2022,423118,356.0,84.13728557990915
41005.0,Clackamas,Oregon,2022-11-22,80328,2022,423118,379.0,89.57312144602687
41005.0,Clackamas,Oregon,2022-11-29,80674,2022,423118,346.0,81.7738786815971
41005.0,Clackamas,Oregon,2022-12-06,81017,2022,423118,343.0,81.06485661210348
41005.0,Clackamas,Oregon,2022-12-13,81419,2022,423118,402.0,95.0089573121446
41005.0,Clackamas,Oregon,2022-12-20,81778,2022,423118,359.0,84.84630764940276
41005.0,Clackamas,Oregon,2022-12-27,82162,2022,423118,384.0,90.7548248951829
41005.0,Clackamas,Oregon,2023-01-03,82390,2023,423173,228.0,53.87867373391024
41005.0,Clackamas,Oregon,2023-01-10,82621,2023,423173,231.0,54.5876036514617
41005.0,Clackamas,Oregon,2023-01-17,82821,2023,423173,200.0,47.26199450343004
41005.0,Clackamas,Oregon,2023-01-24,82963,2023,423173,142.0,33.55601609743533
41005.0,Clackamas,Oregon,2023-01-31,83113,2023,423173,150.0,35.44649587757253
41005.0,Clackamas,Oregon,2023-02-07,83348,2023,423173,235.0,55.5328435415303
41005.0,Clackamas,Oregon,2023-02-14,83575,2023,423173,227.0,53.64236376139309
41005.0,Clackamas,Oregon,2023-02-21,83798,2023,423173,223.0,52.69712387132449
41005.0,Clackamas,Oregon,2023-02-28,83996,2023,423173,198.0,46.78937455839574
