fips,county,state,date,cases,year,population,delta_cases,delta_cases_per_100k
53053,Pierce,Washington,2020-03-10,4,2020,923589,0.0,0.0
53053,Pierce,Washington,2020-03-17,45,2020,923589,41.0,4.439204018237549
53053,Pierce,Washington,2020-03-24,138,2020,923589,93.0,10.069413992587613
53053,Pierce,Washington,2020-03-31,377,2020,923589,239.0,25.877311228262787
53053,Pierce,Washington,2020-04-07,760,2020,923589,383.0,41.468661926462964
53053,Pierce,Washington,2020-04-14,969,2020,923589,209.0,22.629113166137753
53053,Pierce,Washington,2020-04-21,1219,2020,923589,250.0,27.0683171843753
53053,Pierce,Washington,2020-04-28,1293,2020,923589,74.0,8.01222188657509
53053,Pierce,Washington,2020-05-05,1433,2020,923589,140.0,15.15825762325017
53053,Pierce,Washington,2020-05-12,1593,2020,923589,160.0,17.323722998000193
53053,Pierce,Washington,2020-05-19,1704,2020,923589,111.0,12.018332829862633
53053,Pierce,Washington,2020-05-26,1766,2020,923589,62.0,6.712942661725075
53053,Pierce,Washington,2020-06-02,1981,2020,923589,215.0,23.27875277856276
53053,Pierce,Washington,2020-06-09,2081,2020,923589,100.0,10.82732687375012
53053,Pierce,Washington,2020-06-16,2184,2020,923589,103.0,11.152146679962623
53053,Pierce,Washington,2020-06-23,2367,2020,923589,183.0,19.81400817896272
53053,Pierce,Washington,2020-06-30,2594,2020,923589,227.0,24.578032003412776
53053,Pierce,Washington,2020-07-07,2940,2020,923589,346.0,37.46255098317542
53053,Pierce,Washington,2020-07-14,3392,2020,923589,452.0,48.93951746935054
53053,Pierce,Washington,2020-07-21,4008,2020,923589,616.0,66.69633354230074
53053,Pierce,Washington,2020-07-28,4727,2020,923589,719.0,77.84848022226336
53053,Pierce,Washington,2020-08-04,5346,2020,923589,619.0,67.02115334851325
53053,Pierce,Washington,2020-08-11,5879,2020,923589,533.0,57.709652237088136
53053,Pierce,Washington,2020-08-18,6286,2020,923589,407.0,44.067220376162986
53053,Pierce,Washington,2020-08-25,6649,2020,923589,363.0,39.30319655171294
53053,Pierce,Washington,2020-09-01,6923,2020,923589,274.0,29.666875634075332
53053,Pierce,Washington,2020-09-08,7189,2020,923589,266.0,28.800689484175322
53053,Pierce,Washington,2020-09-15,7436,2020,923589,247.0,26.743497378162797
53053,Pierce,Washington,2020-09-22,7739,2020,923589,303.0,32.80680042746287
53053,Pierce,Washington,2020-09-29,8107,2020,923589,368.0,39.84456289540044
53053,Pierce,Washington,2020-10-06,8484,2020,923589,377.0,40.81902231403796
53053,Pierce,Washington,2020-10-13,8989,2020,923589,505.0,54.67800071243811
53053,Pierce,Washington,2020-10-20,9578,2020,923589,589.0,63.77295528638821
53053,Pierce,Washington,2020-10-27,10224,2020,923589,646.0,69.94453160442578
53053,Pierce,Washington,2020-11-03,11001,2020,923589,777.0,84.12832980903843
53053,Pierce,Washington,2020-11-10,12199,2020,923589,1198.0,129.71137594752645
53053,Pierce,Washington,2020-11-17,13803,2020,923589,1604.0,173.67032305495195
53053,Pierce,Washington,2020-11-24,15797,2020,923589,1994.0,215.8968978625774
53053,Pierce,Washington,2020-12-01,17832,2020,923589,2035.0,220.33610188081497
53053,Pierce,Washington,2020-12-08,19867,2020,923589,2035.0,220.33610188081497
53053,Pierce,Washington,2020-12-15,22348,2020,923589,2481.0,268.62597973774047
53053,Pierce,Washington,2020-12-22,23612,2020,923589,1264.0,136.85741168420154
53053,Pierce,Washington,2020-12-29,25205,2020,923589,1593.0,172.4793170988394
53053,Pierce,Washington,2021-01-05,27193,2021,927402,1988.0,214.36227224008573
53053,Pierce,Washington,2021-01-12,29563,2021,927402,2370.0,255.55260825402573
53053,Pierce,Washington,2021-01-19,31164,2021,927402,1601.0,172.63279570240306
53053,Pierce,Washington,2021-01-26,32936,2021,927402,1772.0,191.0714016144024
53053,Pierce,Washington,2021-02-02,34500,2021,927402,1564.0,168.6431558267073
53053,Pierce,Washington,2021-02-09,35557,2021,927402,1057.0,113.97430671920051
53053,Pierce,Washington,2021-02-16,36648,2021,927402,1091.0,117.64046228065067
53053,Pierce,Washington,2021-02-23,37543,2021,927402,895.0,96.506153749938
53053,Pierce,Washington,2021-03-02,38491,2021,927402,948.0,102.2210433016103
53053,Pierce,Washington,2021-03-09,39367,2021,927402,876.0,94.45741975971585
53053,Pierce,Washington,2021-03-16,40172,2021,927402,805.0,86.80162432256994
53053,Pierce,Washington,2021-03-23,41200,2021,927402,1028.0,110.84729168149303
53053,Pierce,Washington,2021-03-30,42305,2021,927402,1105.0,119.15005574713017
53053,Pierce,Washington,2021-04-06,43647,2021,927402,1342.0,144.70531657253272
53053,Pierce,Washington,2021-04-13,45060,2021,927402,1413.0,152.36111200967864
53053,Pierce,Washington,2021-04-20,46602,2021,927402,1542.0,166.27093752223956
53053,Pierce,Washington,2021-04-27,48398,2021,927402,1796.0,193.6592761283672
53053,Pierce,Washington,2021-05-04,50119,2021,927402,1721.0,185.57216827222715
53053,Pierce,Washington,2021-05-11,51556,2021,927402,1437.0,154.94898652364347
53053,Pierce,Washington,2021-05-18,52833,2021,927402,1277.0,137.69648976387802
53053,Pierce,Washington,2021-05-25,53912,2021,927402,1079.0,116.34652502366828
53053,Pierce,Washington,2021-06-01,55327,2021,927402,1415.0,152.57676821917573
53053,Pierce,Washington,2021-06-08,55909,2021,927402,582.0,62.75595696364683
53053,Pierce,Washington,2021-06-15,56333,2021,927402,424.0,45.71911641337845
53053,Pierce,Washington,2021-06-22,56632,2021,927402,299.0,32.24060331981169
53053,Pierce,Washington,2021-06-29,56940,2021,927402,308.0,33.211056262548496
53053,Pierce,Washington,2021-07-06,57205,2021,927402,265.0,28.57444775836153
53053,Pierce,Washington,2021-07-13,57635,2021,927402,430.0,46.36608504186965
53053,Pierce,Washington,2021-07-20,58277,2021,927402,642.0,69.22564324855888
53053,Pierce,Washington,2021-07-27,59183,2021,927402,906.0,97.69226290217186
53053,Pierce,Washington,2021-08-03,60709,2021,927402,1526.0,164.545687846263
53053,Pierce,Washington,2021-08-10,62548,2021,927402,1839.0,198.29588463255416
53053,Pierce,Washington,2021-08-17,65647,2021,927402,3099.0,334.1592966157071
53053,Pierce,Washington,2021-08-24,68601,2021,927402,2954.0,318.52422142716966
53053,Pierce,Washington,2021-08-31,71467,2021,927402,2866.0,309.03534820929866
53053,Pierce,Washington,2021-09-07,74671,2021,927402,3204.0,345.4812476143032
53053,Pierce,Washington,2021-09-14,77438,2021,927402,2767.0,298.3603658391938
53053,Pierce,Washington,2021-09-21,79847,2021,927402,2409.0,259.75790433921856
53053,Pierce,Washington,2021-09-28,82901,2021,927402,3054.0,329.3070319020231
53053,Pierce,Washington,2021-10-05,85105,2021,927402,2204.0,237.65314286576913
53053,Pierce,Washington,2021-10-12,87280,2021,927402,2175.0,234.5261278280616
53053,Pierce,Washington,2021-10-19,89677,2021,927402,2397.0,258.4639670822362
53053,Pierce,Washington,2021-10-26,91708,2021,927402,2031.0,218.99888074427272
53053,Pierce,Washington,2021-11-02,93331,2021,927402,1623.0,175.00501400687082
53053,Pierce,Washington,2021-11-09,95083,2021,927402,1752.0,188.9148395194317
53053,Pierce,Washington,2021-11-16,96587,2021,927402,1504.0,162.17346954179524
53053,Pierce,Washington,2021-11-23,97868,2021,927402,1281.0,138.12780218287213
53053,Pierce,Washington,2021-11-30,98822,2021,927402,954.0,102.86801193010152
53053,Pierce,Washington,2021-12-07,100566,2021,927402,1744.0,188.05221468144342
53053,Pierce,Washington,2021-12-14,101924,2021,927402,1358.0,146.43056624850928
53053,Pierce,Washington,2021-12-21,103831,2021,927402,1907.0,205.6281957554545
53053,Pierce,Washington,2021-12-28,109460,2021,927402,5629.0,606.9644016294983
53053,Pierce,Washington,2022-01-04,118117,2022,926479,8657.0,934.3978654669993
53053,Pierce,Washington,2022-01-11,133202,2022,926479,15085.0,1628.2074391324575
53053,Pierce,Washington,2022-01-18,147725,2022,926479,14523.0,1567.5476724243076
53053,Pierce,Washington,2022-01-25,160388,2022,926479,12663.0,1366.7875904364805
53053,Pierce,Washington,2022-02-01,175299,2022,926479,14911.0,1609.4266572690801
53053,Pierce,Washington,2022-02-08,180508,2022,926479,5209.0,562.2361650938661
53053,Pierce,Washington,2022-02-15,183497,2022,926479,2989.0,322.61929304387905
53053,Pierce,Washington,2022-02-22,182854,2022,926479,-643.0,-69.4025444721359
53053,Pierce,Washington,2022-03-01,187591,2022,926479,4737.0,511.2905959012563
53053,Pierce,Washington,2022-03-08,188607,2022,926479,1016.0,109.66249639765175
53053,Pierce,Washington,2022-03-15,189628,2022,926479,1021.0,110.20217403740398
53053,Pierce,Washington,2022-03-22,190492,2022,926479,864.0,93.25629614918417
53053,Pierce,Washington,2022-03-29,191237,2022,926479,745.0,80.41196832308125
53053,Pierce,Washington,2022-04-05,191651,2022,926479,414.0,44.68530857148408
53053,Pierce,Washington,2022-04-12,192507,2022,926479,856.0,92.39281192558062
53053,Pierce,Washington,2022-04-19,193359,2022,926479,852.0,91.96106981377883
53053,Pierce,Washington,2022-04-26,194374,2022,926479,1015.0,109.5545608697013
53053,Pierce,Washington,2022-05-03,196829,2022,926479,2455.0,264.98172111834157
53053,Pierce,Washington,2022-05-10,197187,2022,926479,358.0,38.64091900625918
53053,Pierce,Washington,2022-05-17,199497,2022,926479,2310.0,249.33106956552712
53053,Pierce,Washington,2022-05-24,201980,2022,926479,2483.0,268.00391590095404
53053,Pierce,Washington,2022-05-31,203594,2022,926479,1614.0,174.20794211201766
53053,Pierce,Washington,2022-06-07,206445,2022,926479,2851.0,307.72419018671764
53053,Pierce,Washington,2022-06-14,208438,2022,926479,1993.0,215.11550720523616
53053,Pierce,Washington,2022-06-21,209634,2022,926479,1196.0,129.0908914287318
53053,Pierce,Washington,2022-06-28,212603,2022,926479,2969.0,320.46058248487014
53053,Pierce,Washington,2022-07-05,213878,2022,926479,1275.0,137.6177981368169
53053,Pierce,Washington,2022-07-12,216541,2022,926479,2663.0,287.43231093203406
53053,Pierce,Washington,2022-07-19,218632,2022,926479,2091.0,225.69318894437976
53053,Pierce,Washington,2022-07-26,220454,2022,926479,1822.0,196.65853192571015
53053,Pierce,Washington,2022-08-02,221989,2022,926479,1535.0,165.68103540393253
53053,Pierce,Washington,2022-08-09,222781,2022,926479,792.0,85.48493813675215
53053,Pierce,Washington,2022-08-16,224280,2022,926479,1499.0,161.79535639771652
53053,Pierce,Washington,2022-08-23,225071,2022,926479,791.0,85.3770026088017
53053,Pierce,Washington,2022-08-30,225906,2022,926479,835.0,90.12616583862128
53053,Pierce,Washington,2022-09-06,226289,2022,926479,383.0,41.3393072050203
53053,Pierce,Washington,2022-09-13,227210,2022,926479,921.0,99.40862124235952
53053,Pierce,Washington,2022-09-20,228107,2022,926479,897.0,96.81816857154884
53053,Pierce,Washington,2022-09-27,228866,2022,926479,759.0,81.92306571438748
53053,Pierce,Washington,2022-10-04,229693,2022,926479,827.0,89.26268161501771
53053,Pierce,Washington,2022-10-11,230272,2022,926479,579.0,62.49467068330744
53053,Pierce,Washington,2022-10-18,230835,2022,926479,563.0,60.76770223610033
53053,Pierce,Washington,2022-10-25,231470,2022,926479,635.0,68.53906024853235
53053,Pierce,Washington,2022-11-01,232296,2022,926479,826.0,89.15474608706727
53053,Pierce,Washington,2022-11-08,232481,2022,926479,185.0,19.968072670832257
53053,Pierce,Washington,2022-11-15,233034,2022,926479,553.0,59.68834695659589
53053,Pierce,Washington,2022-11-22,234221,2022,926479,1187.0,128.11947167717778
53053,Pierce,Washington,2022-11-29,234897,2022,926479,676.0,72.96441689450057
53053,Pierce,Washington,2022-12-06,235693,2022,926479,796.0,85.91668024855393
53053,Pierce,Washington,2022-12-13,236520,2022,926479,827.0,89.26268161501771
53053,Pierce,Washington,2022-12-20,237388,2022,926479,868.0,93.68803826098595
53053,Pierce,Washington,2022-12-27,238215,2022,926479,827.0,89.26268161501771
53053,Pierce,Washington,2023-01-03,238907,2023,928696,692.0,74.51308070671135
53053,Pierce,Washington,2023-01-10,239785,2023,928696,878.0,94.54116309319734
53053,Pierce,Washington,2023-01-17,240476,2023,928696,691.0,74.40540284441842
53053,Pierce,Washington,2023-01-24,241341,2023,928696,865.0,93.1413508833892
53053,Pierce,Washington,2023-01-31,242108,2023,928696,767.0,82.58892037868151
53053,Pierce,Washington,2023-02-07,242881,2023,928696,773.0,83.23498755243912
53053,Pierce,Washington,2023-02-14,243689,2023,928696,808.0,87.00371273269185
53053,Pierce,Washington,2023-02-21,244440,2023,928696,751.0,80.86607458199454
53053,Pierce,Washington,2023-02-28,245011,2023,928696,571.0,61.48405936926615
